 BOLSIG+ version: 03/2016
 Collision input data:
 --------------------------------------------------
 Ar  
 Ar_Biagi-v8.9
 How to reference in publications:
 1) Yamabe, Buckman, and Phelps, Phys. Rev. 27, 1345 (1983). Revised Oct 1997
 2) PHELPS database,http://www.lxcat.laplace.univ-tlse.fr, retrieved June 4, 2013.
  
  
  
  Transport coefficients
 A1     Mean energy (eV)
 A2     Mobility *N (1/m/V/s)
 A6     Diffusion coefficient *N (1/m/s)
 A11    Energy mobility *N (1/m/V/s)
 A12    Energy diffusion coef. D*N (1/m/s)
 A13    Total collision freq. /N (m3/s)
 A14    Momentum frequency /N (m3/s)
 A16    Total ionization freq. /N (m3/s)
 A18    Townsend ioniz. coef. alpha/N (m2)
 A20    Power /N (eV m3/s) 
 A21    Elastic power loss /N (eV m3/s)
 A22    Inelastic power loss /N (eV m3/s)
 A23    Growth power /N (eV m3/s) 
 A27    Maximum energy   
 A28    # of iterations  
 A29    # of grid trials 
 R#	E/N (Td)	A1	A2	A6	A11	A12	A13	A14	A16	A18	A20	A21	A22	A23	A27	A28	A29
    1	   1.00000E+00	   2.39700E+00	   2.94100E+24	   1.20700E+25	   4.39000E+24	   8.99600E+24	   3.40600E-14	   5.98100E-14	   0.00000E+00	   0.00000E+00	   3.01400E-18	   3.01400E-18	   0.00000E+00	   0.00000E+00	   8.55700E+00	   3.00000E+00	   1.00000E+00
    2	   1.07200E+00	   2.47600E+00	   2.78600E+24	   1.18300E+25	   4.15900E+24	   8.81700E+24	   3.58900E-14	   6.31300E-14	   0.00000E+00	   0.00000E+00	   3.28100E-18	   3.28100E-18	   0.00000E+00	   0.00000E+00	   8.82900E+00	   3.00000E+00	   1.00000E+00
    3	   1.15000E+00	   2.55700E+00	   2.63900E+24	   1.15900E+25	   3.93900E+24	   8.64100E+24	   3.78200E-14	   6.66500E-14	   0.00000E+00	   0.00000E+00	   3.57100E-18	   3.57100E-18	   0.00000E+00	   0.00000E+00	   9.11700E+00	   3.00000E+00	   1.00000E+00
    4	   1.23300E+00	   2.64000E+00	   2.49900E+24	   1.13500E+25	   3.73100E+24	   8.46900E+24	   3.98500E-14	   7.03700E-14	   0.00000E+00	   0.00000E+00	   3.88600E-18	   3.88600E-18	   0.00000E+00	   0.00000E+00	   9.42300E+00	   3.00000E+00	   1.00000E+00
    5	   1.32200E+00	   2.72500E+00	   2.36700E+24	   1.11200E+25	   3.53400E+24	   8.29900E+24	   4.19900E-14	   7.43000E-14	   0.00000E+00	   0.00000E+00	   4.22800E-18	   4.22800E-18	   0.00000E+00	   0.00000E+00	   9.74700E+00	   3.00000E+00	   1.00000E+00
    6	   1.41700E+00	   2.81300E+00	   2.24200E+24	   1.09000E+25	   3.34700E+24	   8.13300E+24	   4.42500E-14	   7.84600E-14	   0.00000E+00	   0.00000E+00	   4.60100E-18	   4.60100E-18	   0.00000E+00	   0.00000E+00	   1.00900E+01	   3.00000E+00	   1.00000E+00
    7	   1.52000E+00	   2.90400E+00	   2.12300E+24	   1.06800E+25	   3.17000E+24	   7.96800E+24	   4.66300E-14	   8.28400E-14	   0.00000E+00	   0.00000E+00	   5.00700E-18	   5.00700E-18	   0.00000E+00	   0.00000E+00	   1.04500E+01	   3.00000E+00	   1.00000E+00
    8	   1.63000E+00	   2.99700E+00	   2.01100E+24	   1.04600E+25	   3.00300E+24	   7.80700E+24	   4.91500E-14	   8.74700E-14	   0.00000E+00	   0.00000E+00	   5.44900E-18	   5.44900E-18	   5.28000E-29	   0.00000E+00	   1.40600E+01	   3.00000E+00	   2.00000E+00
    9	   1.74800E+00	   3.09300E+00	   1.90400E+24	   1.02500E+25	   2.84500E+24	   7.64800E+24	   5.18100E-14	   9.23600E-14	   0.00000E+00	   0.00000E+00	   5.93000E-18	   5.93000E-18	   0.00000E+00	   0.00000E+00	   1.13600E+01	   3.00000E+00	   1.00000E+00
   10	   1.87400E+00	   3.19200E+00	   1.80400E+24	   1.00500E+25	   2.69500E+24	   7.49100E+24	   5.46200E-14	   9.75000E-14	   0.00000E+00	   0.00000E+00	   6.45400E-18	   6.45400E-18	   2.24500E-26	   0.00000E+00	   1.17800E+01	   3.00000E+00	   1.00000E+00
   11	   2.00900E+00	   3.29400E+00	   1.70900E+24	   9.84300E+24	   2.55400E+24	   7.33700E+24	   5.75900E-14	   1.02900E-13	   0.00000E+00	   0.00000E+00	   7.02600E-18	   7.02600E-18	   4.18000E-25	   0.00000E+00	   1.21300E+01	   3.00000E+00	   1.00000E+00
   12	   2.15400E+00	   3.40000E+00	   1.61900E+24	   9.64400E+24	   2.42100E+24	   7.18600E+24	   6.07300E-14	   1.08600E-13	   0.00000E+00	   0.00000E+00	   7.64900E-18	   7.64900E-18	   4.56400E-24	   0.00000E+00	   1.24700E+01	   4.00000E+00	   1.00000E+00
   13	   2.31000E+00	   3.50900E+00	   1.53500E+24	   9.44800E+24	   2.29500E+24	   7.03600E+24	   6.40400E-14	   1.14600E-13	   0.00000E+00	   0.00000E+00	   8.33000E-18	   8.33000E-18	   3.79800E-23	   0.00000E+00	   1.27800E+01	   4.00000E+00	   1.00000E+00
   14	   2.47700E+00	   3.62300E+00	   1.45500E+24	   9.25600E+24	   2.17700E+24	   6.89000E+24	   6.75500E-14	   1.20900E-13	   0.00000E+00	   0.00000E+00	   9.07400E-18	   9.07400E-18	   2.48300E-22	   0.00000E+00	   1.30800E+01	   4.00000E+00	   1.00000E+00
   15	   2.65600E+00	   3.74000E+00	   1.37900E+24	   9.06700E+24	   2.06500E+24	   6.74500E+24	   7.12600E-14	   1.27500E-13	   0.00000E+00	   0.00000E+00	   9.88700E-18	   9.88600E-18	   1.30500E-21	   0.00000E+00	   1.33700E+01	   4.00000E+00	   1.00000E+00
   16	   2.84800E+00	   3.86300E+00	   1.30900E+24	   8.88100E+24	   1.96000E+24	   6.60400E+24	   7.51700E-14	   1.34400E-13	   0.00000E+00	   0.00000E+00	   1.07800E-17	   1.07700E-17	   5.63700E-21	   0.00000E+00	   1.36700E+01	   4.00000E+00	   1.00000E+00
   17	   3.05400E+00	   3.98900E+00	   1.24200E+24	   8.69900E+24	   1.86100E+24	   6.46600E+24	   7.92900E-14	   1.41600E-13	   0.00000E+00	   0.00000E+00	   1.17600E-17	   1.17400E-17	   2.03900E-20	   0.00000E+00	   1.39500E+01	   4.00000E+00	   1.00000E+00
   18	   3.27500E+00	   4.12000E+00	   1.18100E+24	   8.52200E+24	   1.77000E+24	   6.33200E+24	   8.36000E-14	   1.48900E-13	   0.00000E+00	   0.00000E+00	   1.28400E-17	   1.27800E-17	   6.28800E-20	   0.00000E+00	   1.42900E+01	   4.00000E+00	   1.00000E+00
   19	   3.51100E+00	   4.25300E+00	   1.12500E+24	   8.35300E+24	   1.68500E+24	   6.20400E+24	   8.80400E-14	   1.56300E-13	   0.00000E+00	   0.00000E+00	   1.40600E-17	   1.38900E-17	   1.68100E-19	   0.00000E+00	   1.45200E+01	   4.00000E+00	   1.00000E+00
   20	   3.76500E+00	   4.38600E+00	   1.07600E+24	   8.19400E+24	   1.60900E+24	   6.08400E+24	   9.25200E-14	   1.63500E-13	   0.00000E+00	   0.00000E+00	   1.54500E-17	   1.50500E-17	   3.95900E-19	   0.00000E+00	   1.47500E+01	   4.00000E+00	   1.00000E+00
   21	   4.03700E+00	   4.51600E+00	   1.03400E+24	   8.05000E+24	   1.54300E+24	   5.97400E+24	   9.69400E-14	   1.70000E-13	   0.00000E+00	   0.00000E+00	   1.70600E-17	   1.62300E-17	   8.32800E-19	   0.00000E+00	   1.49100E+01	   4.00000E+00	   1.00000E+00
   22	   4.32900E+00	   4.63900E+00	   1.00200E+24	   7.92300E+24	   1.48600E+24	   5.87600E+24	   1.01200E-13	   1.75600E-13	   0.00000E+00	   0.00000E+00	   1.89800E-17	   1.73900E-17	   1.58700E-18	   0.00000E+00	   1.51300E+01	   4.00000E+00	   1.00000E+00
   23	   4.64200E+00	   4.75200E+00	   9.77300E+23	   7.81600E+24	   1.43900E+24	   5.79100E+24	   1.05100E-13	   1.80000E-13	   0.00000E+00	   0.00000E+00	   2.12800E-17	   1.85000E-17	   2.77400E-18	   0.00000E+00	   1.53800E+01	   4.00000E+00	   1.00000E+00
   24	   4.97700E+00	   4.85200E+00	   9.61100E+23	   7.73000E+24	   1.40100E+24	   5.71900E+24	   1.08500E-13	   1.83000E-13	   0.00000E+00	   0.00000E+00	   2.40300E-17	   1.95200E-17	   4.50900E-18	   0.00000E+00	   1.55800E+01	   4.00000E+00	   1.00000E+00
   25	   5.33700E+00	   4.94000E+00	   9.51900E+23	   7.66200E+24	   1.37200E+24	   5.65900E+24	   1.11600E-13	   1.84800E-13	   4.28000E-30	   8.42472E-34	   2.73400E-17	   2.04500E-17	   6.89200E-18	   0.00000E+00	   1.57900E+01	   4.00000E+00	   1.00000E+00
   26	   5.72200E+00	   5.01400E+00	   9.47900E+23	   7.61000E+24	   1.34900E+24	   5.61000E+24	   1.14200E-13	   1.85500E-13	   4.12800E-28	   7.61078E-32	   3.12800E-17	   2.12700E-17	   1.00100E-17	   0.00000E+00	   1.60100E+01	   4.00000E+00	   1.00000E+00
   27	   6.13600E+00	   5.07800E+00	   9.47800E+23	   7.57200E+24	   1.33200E+24	   5.57100E+24	   1.16400E-13	   1.85600E-13	   2.74300E-27	   4.71654E-31	   3.59200E-17	   2.19900E-17	   1.39400E-17	   0.00000E+00	   1.61800E+01	   4.00000E+00	   1.00000E+00
   28	   6.57900E+00	   5.13200E+00	   9.50100E+23	   7.54400E+24	   1.31900E+24	   5.53800E+24	   1.18400E-13	   1.85100E-13	   1.41100E-26	   2.25734E-30	   4.13700E-17	   2.26200E-17	   1.87500E-17	   0.00000E+00	   1.64900E+01	   4.00000E+00	   1.00000E+00
   29	   7.05500E+00	   5.17900E+00	   9.53600E+23	   7.52300E+24	   1.30900E+24	   5.51200E+24	   1.20000E-13	   1.84400E-13	   6.14000E-26	   9.12652E-30	   4.77100E-17	   2.31800E-17	   2.45300E-17	   0.00000E+00	   1.66800E+01	   4.00000E+00	   1.00000E+00
   30	   7.56500E+00	   5.21900E+00	   9.57500E+23	   7.50700E+24	   1.30100E+24	   5.48900E+24	   1.21400E-13	   1.83700E-13	   2.39100E-25	   3.30090E-29	   5.50400E-17	   2.36800E-17	   3.13600E-17	   0.00000E+00	   1.68900E+01	   4.00000E+00	   1.00000E+00
   31	   8.11100E+00	   5.25600E+00	   9.61100E+23	   7.49400E+24	   1.29400E+24	   5.47000E+24	   1.22700E-13	   1.83000E-13	   8.43200E-25	   1.08165E-28	   6.34800E-17	   2.41300E-17	   3.93500E-17	   0.00000E+00	   1.71000E+01	   4.00000E+00	   1.00000E+00
   32	   8.69700E+00	   5.28900E+00	   9.64100E+23	   7.48200E+24	   1.28800E+24	   5.45300E+24	   1.23800E-13	   1.82400E-13	   2.72200E-24	   3.24636E-28	   7.31800E-17	   2.45500E-17	   4.86300E-17	   0.00000E+00	   1.73100E+01	   4.00000E+00	   1.00000E+00
   33	   9.32600E+00	   5.32000E+00	   9.66200E+23	   7.47000E+24	   1.28300E+24	   5.43800E+24	   1.24900E-13	   1.82000E-13	   8.10600E-24	   8.99589E-28	   8.42900E-17	   2.49400E-17	   5.93400E-17	   0.00000E+00	   1.76900E+01	   4.00000E+00	   1.00000E+00
   34	   1.00000E+01	   5.35100E+00	   9.67400E+23	   7.45900E+24	   1.27800E+24	   5.42400E+24	   1.25900E-13	   1.81800E-13	   2.24400E-23	   2.31962E-27	   9.69900E-17	   2.53200E-17	   7.16700E-17	   0.00000E+00	   1.79200E+01	   4.00000E+00	   1.00000E+00
   35	   1.07200E+01	   5.38000E+00	   9.67500E+23	   7.44600E+24	   1.27300E+24	   5.41100E+24	   1.26900E-13	   1.81800E-13	   5.81300E-23	   5.60473E-27	   1.11500E-16	   2.56900E-17	   8.58000E-17	   0.00000E+00	   1.81800E+01	   4.00000E+00	   1.00000E+00
   36	   1.15000E+01	   5.41000E+00	   9.66600E+23	   7.43300E+24	   1.26700E+24	   5.39800E+24	   1.27800E-13	   1.82000E-13	   1.41700E-22	   1.27475E-26	   1.28000E-16	   2.60500E-17	   1.02000E-16	   0.00000E+00	   1.84400E+01	   4.00000E+00	   1.00000E+00
   37	   1.23300E+01	   5.44000E+00	   9.64600E+23	   7.41900E+24	   1.26200E+24	   5.38500E+24	   1.28800E-13	   1.82300E-13	   3.26700E-22	   2.74687E-26	   1.46900E-16	   2.64100E-17	   1.20500E-16	   0.00000E+00	   1.87500E+01	   4.00000E+00	   1.00000E+00
   38	   1.32200E+01	   5.47000E+00	   9.61800E+23	   7.40300E+24	   1.25600E+24	   5.37300E+24	   1.29700E-13	   1.82900E-13	   7.15700E-22	   5.62879E-26	   1.68300E-16	   2.67800E-17	   1.41600E-16	   0.00000E+00	   1.90600E+01	   4.00000E+00	   1.00000E+00
   39	   1.41700E+01	   5.50100E+00	   9.58200E+23	   7.38600E+24	   1.25000E+24	   5.36100E+24	   1.30700E-13	   1.83600E-13	   1.49600E-21	   1.10181E-25	   1.92800E-16	   2.71500E-17	   1.65600E-16	   0.00000E+00	   1.93700E+01	   4.00000E+00	   1.00000E+00
   40	   1.52000E+01	   5.53300E+00	   9.53800E+23	   7.36800E+24	   1.24400E+24	   5.34900E+24	   1.31700E-13	   1.84400E-13	   2.99500E-21	   2.06584E-25	   2.20600E-16	   2.75200E-17	   1.93100E-16	   0.00000E+00	   1.96900E+01	   4.00000E+00	   1.00000E+00
   41	   1.63000E+01	   5.56600E+00	   9.48700E+23	   7.34900E+24	   1.23800E+24	   5.33600E+24	   1.32700E-13	   1.85400E-13	   5.76200E-21	   3.72612E-25	   2.52200E-16	   2.79000E-17	   2.24300E-16	   0.00000E+00	   2.00400E+01	   4.00000E+00	   1.00000E+00
   42	   1.74800E+01	   5.60000E+00	   9.43000E+23	   7.32900E+24	   1.23100E+24	   5.32400E+24	   1.33800E-13	   1.86500E-13	   1.06900E-20	   6.48522E-25	   2.88200E-16	   2.83000E-17	   2.60000E-16	   0.00000E+00	   2.03900E+01	   4.00000E+00	   1.00000E+00
   43	   1.87400E+01	   5.63400E+00	   9.36800E+23	   7.30800E+24	   1.22500E+24	   5.31200E+24	   1.34800E-13	   1.87700E-13	   1.91600E-20	   1.09139E-24	   3.29200E-16	   2.87000E-17	   3.00500E-16	   0.00000E+00	   2.07500E+01	   4.00000E+00	   1.00000E+00
   44	   2.00900E+01	   5.67000E+00	   9.30200E+23	   7.28500E+24	   1.21800E+24	   5.30000E+24	   1.35900E-13	   1.89100E-13	   3.32800E-20	   1.78085E-24	   3.75800E-16	   2.91100E-17	   3.46700E-16	   0.00000E+00	   2.11300E+01	   4.00000E+00	   1.00000E+00
   45	   2.15400E+01	   5.70700E+00	   9.23100E+23	   7.26200E+24	   1.21100E+24	   5.28800E+24	   1.37000E-13	   1.90500E-13	   5.61600E-20	   2.82444E-24	   4.28800E-16	   2.95200E-17	   3.99200E-16	   0.00000E+00	   2.15300E+01	   4.00000E+00	   1.00000E+00
   46	   2.31000E+01	   5.74500E+00	   9.15800E+23	   7.23900E+24	   1.20400E+24	   5.27600E+24	   1.38100E-13	   1.92100E-13	   9.22700E-20	   4.36162E-24	   4.89000E-16	   2.99500E-17	   4.59000E-16	   0.00000E+00	   2.22500E+01	   4.00000E+00	   1.00000E+00
   47	   2.47700E+01	   5.78400E+00	   9.08200E+23	   7.21400E+24	   1.19600E+24	   5.26300E+24	   1.39300E-13	   1.93700E-13	   1.47900E-19	   6.57447E-24	   5.57500E-16	   3.03900E-17	   5.27100E-16	   0.00000E+00	   2.27200E+01	   4.00000E+00	   1.00000E+00
   48	   2.65600E+01	   5.82400E+00	   9.00300E+23	   7.18900E+24	   1.18900E+24	   5.25200E+24	   1.40400E-13	   1.95400E-13	   2.31500E-19	   9.68134E-24	   6.35400E-16	   3.08400E-17	   6.04600E-16	   0.00000E+00	   2.32200E+01	   4.00000E+00	   1.00000E+00
   49	   2.84800E+01	   5.86500E+00	   8.92300E+23	   7.16400E+24	   1.18200E+24	   5.24000E+24	   1.41600E-13	   1.97100E-13	   3.54900E-19	   1.39655E-23	   7.24100E-16	   3.13000E-17	   6.92800E-16	   0.00000E+00	   2.37500E+01	   4.00000E+00	   1.00000E+00
   50	   3.05400E+01	   5.90700E+00	   8.84200E+23	   7.13800E+24	   1.17400E+24	   5.22800E+24	   1.42800E-13	   1.98900E-13	   5.33300E-19	   1.97493E-23	   8.24900E-16	   3.17700E-17	   7.93100E-16	   0.00000E+00	   2.43100E+01	   4.00000E+00	   1.00000E+00
   51	   3.27500E+01	   5.95000E+00	   8.75900E+23	   7.11200E+24	   1.16700E+24	   5.21700E+24	   1.44100E-13	   2.00800E-13	   7.86700E-19	   2.74248E-23	   9.39500E-16	   3.22600E-17	   9.07300E-16	   0.00000E+00	   2.49100E+01	   4.00000E+00	   1.00000E+00
   52	   3.51100E+01	   5.99400E+00	   8.67600E+23	   7.08500E+24	   1.16000E+24	   5.20600E+24	   1.45300E-13	   2.02700E-13	   1.14100E-18	   3.74572E-23	   1.07000E-15	   3.27500E-17	   1.03700E-15	   0.00000E+00	   2.55400E+01	   4.00000E+00	   1.00000E+00
   53	   3.76500E+01	   6.04000E+00	   8.59300E+23	   7.05800E+24	   1.15200E+24	   5.19500E+24	   1.46600E-13	   2.04700E-13	   1.62900E-18	   5.03514E-23	   1.21800E-15	   3.32500E-17	   1.18500E-15	   0.00000E+00	   2.61600E+01	   4.00000E+00	   1.00000E+00
   54	   4.03700E+01	   6.08700E+00	   8.50900E+23	   7.03100E+24	   1.14500E+24	   5.18400E+24	   1.47900E-13	   2.06700E-13	   2.29100E-18	   6.66942E-23	   1.38700E-15	   3.37700E-17	   1.35300E-15	   0.00000E+00	   2.68200E+01	   4.00000E+00	   1.00000E+00
   55	   4.32900E+01	   6.13500E+00	   8.42500E+23	   7.00400E+24	   1.13800E+24	   5.17400E+24	   1.49200E-13	   2.08800E-13	   3.17800E-18	   8.71358E-23	   1.57900E-15	   3.43000E-17	   1.54500E-15	   0.00000E+00	   2.75300E+01	   4.00000E+00	   1.00000E+00
   56	   4.64200E+01	   6.18400E+00	   8.34100E+23	   6.97600E+24	   1.13000E+24	   5.16400E+24	   1.50600E-13	   2.10900E-13	   4.35400E-18	   1.12451E-22	   1.79700E-15	   3.48500E-17	   1.76200E-15	   0.00000E+00	   2.82900E+01	   4.00000E+00	   1.00000E+00
   57	   4.97700E+01	   6.23500E+00	   8.25700E+23	   6.94800E+24	   1.12300E+24	   5.15500E+24	   1.52000E-13	   2.13000E-13	   5.89400E-18	   1.43423E-22	   2.04600E-15	   3.54100E-17	   2.01000E-15	   0.00000E+00	   2.90900E+01	   4.00000E+00	   1.00000E+00
   58	   5.33700E+01	   6.28800E+00	   8.17300E+23	   6.92000E+24	   1.11600E+24	   5.14600E+24	   1.53400E-13	   2.15200E-13	   7.89300E-18	   1.80952E-22	   2.32800E-15	   3.59900E-17	   2.29200E-15	   0.00000E+00	   3.05700E+01	   4.00000E+00	   1.00000E+00
   59	   5.72200E+01	   6.34200E+00	   8.09000E+23	   6.89200E+24	   1.10900E+24	   5.13800E+24	   1.54800E-13	   2.17400E-13	   1.04600E-17	   2.25962E-22	   2.64900E-15	   3.65800E-17	   2.61300E-15	   0.00000E+00	   3.15200E+01	   4.00000E+00	   1.00000E+00
   60	   6.13600E+01	   6.39900E+00	   8.00600E+23	   6.86400E+24	   1.10200E+24	   5.13000E+24	   1.56300E-13	   2.19700E-13	   1.37300E-17	   2.79492E-22	   3.01500E-15	   3.72000E-17	   2.97700E-15	   0.00000E+00	   3.25300E+01	   4.00000E+00	   1.00000E+00
   61	   6.57900E+01	   6.45700E+00	   7.92300E+23	   6.83600E+24	   1.09500E+24	   5.12300E+24	   1.57800E-13	   2.22000E-13	   1.78700E-17	   3.42827E-22	   3.43000E-15	   3.78300E-17	   3.39200E-15	   0.00000E+00	   3.36100E+01	   4.00000E+00	   1.00000E+00
   62	   7.05500E+01	   6.51800E+00	   7.84100E+23	   6.80700E+24	   1.08800E+24	   5.11700E+24	   1.59300E-13	   2.24300E-13	   2.30700E-17	   4.17041E-22	   3.90300E-15	   3.84900E-17	   3.86400E-15	   0.00000E+00	   3.47100E+01	   4.00000E+00	   1.00000E+00
   63	   7.56500E+01	   6.58100E+00	   7.75800E+23	   6.77800E+24	   1.08200E+24	   5.11100E+24	   1.60900E-13	   2.26700E-13	   2.95500E-17	   5.03499E-22	   4.44000E-15	   3.91600E-17	   4.40100E-15	   0.00000E+00	   3.58700E+01	   4.00000E+00	   1.00000E+00
   64	   8.11100E+01	   6.64700E+00	   7.67600E+23	   6.75000E+24	   1.07500E+24	   5.10600E+24	   1.62500E-13	   2.29100E-13	   3.75900E-17	   6.03758E-22	   5.05100E-15	   3.98700E-17	   5.01100E-15	   0.00000E+00	   3.71100E+01	   4.00000E+00	   1.00000E+00
   65	   8.69700E+01	   6.71600E+00	   7.59500E+23	   6.72100E+24	   1.06800E+24	   5.10300E+24	   1.64200E-13	   2.31600E-13	   4.74900E-17	   7.18960E-22	   5.74500E-15	   4.06000E-17	   5.70500E-15	   0.00000E+00	   3.84400E+01	   4.00000E+00	   1.00000E+00
   66	   9.32600E+01	   6.78800E+00	   7.51300E+23	   6.69200E+24	   1.06200E+24	   5.10000E+24	   1.65900E-13	   2.34100E-13	   5.96300E-17	   8.51052E-22	   6.53500E-15	   4.13600E-17	   6.49400E-15	   0.00000E+00	   3.98200E+01	   4.00000E+00	   1.00000E+00
   67	   1.00000E+02	   6.86400E+00	   7.43300E+23	   6.66300E+24	   1.05500E+24	   5.09900E+24	   1.67700E-13	   2.36600E-13	   7.44500E-17	   1.00161E-21	   7.43300E-15	   4.21600E-17	   7.39100E-15	   0.00000E+00	   4.12800E+01	   4.00000E+00	   1.00000E+00
   68	   1.07200E+02	   6.94300E+00	   7.35300E+23	   6.63400E+24	   1.04900E+24	   5.10000E+24	   1.69500E-13	   2.39200E-13	   9.24500E-17	   1.17286E-21	   8.45400E-15	   4.29800E-17	   8.41100E-15	   0.00000E+00	   4.40400E+01	   4.00000E+00	   1.00000E+00
   69	   1.15000E+02	   7.02700E+00	   7.27400E+23	   6.60500E+24	   1.04300E+24	   5.10200E+24	   1.71300E-13	   2.41800E-13	   1.14200E-16	   1.36520E-21	   9.61600E-15	   4.38400E-17	   9.57200E-15	   0.00000E+00	   4.57200E+01	   4.00000E+00	   1.00000E+00
   70	   1.23300E+02	   7.11400E+00	   7.19500E+23	   6.57700E+24	   1.03600E+24	   5.10600E+24	   1.73300E-13	   2.44400E-13	   1.40500E-16	   1.58373E-21	   1.09400E-14	   4.47500E-17	   1.08900E-14	   0.00000E+00	   4.74300E+01	   4.00000E+00	   1.00000E+00
   71	   1.32200E+02	   7.20700E+00	   7.11800E+23	   6.54900E+24	   1.03100E+24	   5.11200E+24	   1.75300E-13	   2.47100E-13	   1.72100E-16	   1.82891E-21	   1.24400E-14	   4.56900E-17	   1.23900E-14	   0.00000E+00	   4.90900E+01	   4.00000E+00	   1.00000E+00
   72	   1.41700E+02	   7.30500E+00	   7.04200E+23	   6.52100E+24	   1.02500E+24	   5.12100E+24	   1.77300E-13	   2.49800E-13	   2.09900E-16	   2.10352E-21	   1.41500E-14	   4.66800E-17	   1.41000E-14	   0.00000E+00	   5.21100E+01	   4.00000E+00	   1.00000E+00
   73	   1.52000E+02	   7.40900E+00	   6.96800E+23	   6.49400E+24	   1.01900E+24	   5.13300E+24	   1.79400E-13	   2.52400E-13	   2.55100E-16	   2.40857E-21	   1.61000E-14	   4.77100E-17	   1.60500E-14	   0.00000E+00	   5.53600E+01	   4.00000E+00	   1.00000E+00
   74	   1.63000E+02	   7.52000E+00	   6.89500E+23	   6.46800E+24	   1.01400E+24	   5.14800E+24	   1.81600E-13	   2.55100E-13	   3.09000E-16	   2.74939E-21	   1.83100E-14	   4.88000E-17	   1.82600E-14	   0.00000E+00	   5.70600E+01	   4.00000E+00	   1.00000E+00
   75	   1.74800E+02	   7.63700E+00	   6.82300E+23	   6.44300E+24	   1.00900E+24	   5.16700E+24	   1.83900E-13	   2.57800E-13	   3.73100E-16	   3.12830E-21	   2.08400E-14	   4.99300E-17	   2.07900E-14	   0.00000E+00	   6.10100E+01	   4.00000E+00	   1.00000E+00
   76	   1.87400E+02	   7.76200E+00	   6.75400E+23	   6.41900E+24	   1.00400E+24	   5.19100E+24	   1.86200E-13	   2.60400E-13	   4.49200E-16	   3.54903E-21	   2.37100E-14	   5.11300E-17	   2.36600E-14	   0.00000E+00	   6.31600E+01	   4.00000E+00	   1.00000E+00
   77	   2.00900E+02	   7.89500E+00	   6.68600E+23	   6.39700E+24	   9.99100E+23	   5.21900E+24	   1.88600E-13	   2.63100E-13	   5.39500E-16	   4.01648E-21	   2.69900E-14	   5.23900E-17	   2.69400E-14	   0.00000E+00	   6.79400E+01	   4.00000E+00	   1.00000E+00
   78	   2.15400E+02	   8.03800E+00	   6.62100E+23	   6.37700E+24	   9.94800E+23	   5.25300E+24	   1.91100E-13	   2.65600E-13	   6.46300E-16	   4.53174E-21	   3.07300E-14	   5.37100E-17	   3.06800E-14	   0.00000E+00	   7.06300E+01	   3.00000E+00	   1.00000E+00
   79	   2.31000E+02	   8.19000E+00	   6.55800E+23	   6.35800E+24	   9.90800E+23	   5.29400E+24	   1.93600E-13	   2.68200E-13	   7.72600E-16	   5.10001E-21	   3.50000E-14	   5.50900E-17	   3.49400E-14	   0.00000E+00	   7.64200E+01	   3.00000E+00	   1.00000E+00
   80	   2.47700E+02	   8.35400E+00	   6.49800E+23	   6.34300E+24	   9.87100E+23	   5.34200E+24	   1.96200E-13	   2.70700E-13	   9.21700E-16	   5.72643E-21	   3.98700E-14	   5.65600E-17	   3.98100E-14	   0.00000E+00	   7.97700E+01	   3.00000E+00	   1.00000E+00
   81	   2.65600E+02	   8.53000E+00	   6.44000E+23	   6.33100E+24	   9.83800E+23	   5.39900E+24	   1.98900E-13	   2.73100E-13	   1.09800E-15	   6.41931E-21	   4.54300E-14	   5.81000E-17	   4.53800E-14	   0.00000E+00	   8.33900E+01	   3.00000E+00	   1.00000E+00
   82	   2.84800E+02	   8.72100E+00	   6.38500E+23	   6.32300E+24	   9.80800E+23	   5.46600E+24	   2.01600E-13	   2.75400E-13	   1.30500E-15	   7.17645E-21	   5.17900E-14	   5.97200E-17	   5.17300E-14	   0.00000E+00	   9.10000E+01	   3.00000E+00	   1.00000E+00
   83	   3.05400E+02	   8.92700E+00	   6.33300E+23	   6.31900E+24	   9.78200E+23	   5.54500E+24	   2.04400E-13	   2.77700E-13	   1.55000E-15	   8.01407E-21	   5.90700E-14	   6.14300E-17	   5.90000E-14	   0.00000E+00	   9.55700E+01	   3.00000E+00	   1.00000E+00
   84	   3.27500E+02	   9.15100E+00	   6.28500E+23	   6.32100E+24	   9.76100E+23	   5.63600E+24	   2.07300E-13	   2.79900E-13	   1.83800E-15	   8.92954E-21	   6.73900E-14	   6.32300E-17	   6.73200E-14	   0.00000E+00	   1.30700E+02	   4.00000E+00	   2.00000E+00
   85	   3.51100E+02	   9.39400E+00	   6.23900E+23	   6.32900E+24	   9.74300E+23	   5.74300E+24	   2.10300E-13	   2.81900E-13	   2.17600E-15	   9.93375E-21	   7.69100E-14	   6.51400E-17	   7.68500E-14	   0.00000E+00	   1.10700E+02	   3.00000E+00	   1.00000E+00
   86	   3.76500E+02	   9.66000E+00	   6.19600E+23	   6.34300E+24	   9.72800E+23	   5.86700E+24	   2.13300E-13	   2.83900E-13	   2.57500E-15	   1.10383E-20	   8.78300E-14	   6.71500E-17	   8.77600E-14	   0.00000E+00	   1.17000E+02	   3.00000E+00	   1.00000E+00
   87	   4.03700E+02	   9.95200E+00	   6.15600E+23	   6.36600E+24	   9.71800E+23	   6.01100E+24	   2.16300E-13	   2.85700E-13	   3.04400E-15	   1.22486E-20	   1.00300E-13	   6.92800E-17	   1.00300E-13	   0.00000E+00	   1.61000E+02	   4.00000E+00	   2.00000E+00
   88	   4.32900E+02	   1.02700E+01	   6.12000E+23	   6.40000E+24	   9.71200E+23	   6.17900E+24	   2.19500E-13	   2.87400E-13	   3.59500E-15	   1.35694E-20	   1.14700E-13	   7.15400E-17	   1.14600E-13	   0.00000E+00	   1.70400E+02	   4.00000E+00	   2.00000E+00
   89	   4.64200E+02	   1.06300E+01	   6.08700E+23	   6.44600E+24	   9.71000E+23	   6.37400E+24	   2.22700E-13	   2.88900E-13	   4.24300E-15	   1.50164E-20	   1.31100E-13	   7.39300E-17	   1.31100E-13	   0.00000E+00	   1.89300E+02	   4.00000E+00	   2.00000E+00
   90	   4.97700E+02	   1.10200E+01	   6.05800E+23	   6.50500E+24	   9.71100E+23	   6.60200E+24	   2.25900E-13	   2.90400E-13	   5.00400E-15	   1.65966E-20	   1.50100E-13	   7.64700E-17	   1.50000E-13	   0.00000E+00	   2.01100E+02	   4.00000E+00	   2.00000E+00
   91	   5.33700E+02	   1.14600E+01	   6.03100E+23	   6.58100E+24	   9.71600E+23	   6.86900E+24	   2.29200E-13	   2.91600E-13	   5.89800E-15	   1.83239E-20	   1.71800E-13	   7.91700E-17	   1.71700E-13	   0.00000E+00	   2.14000E+02	   3.00000E+00	   2.00000E+00
   92	   5.72200E+02	   1.19500E+01	   6.00800E+23	   6.67700E+24	   9.72300E+23	   7.18100E+24	   2.32600E-13	   2.92800E-13	   6.94800E-15	   2.02107E-20	   1.96700E-13	   8.20500E-17	   1.96700E-13	   0.00000E+00	   2.28300E+02	   3.00000E+00	   2.00000E+00
   93	   6.13600E+02	   1.25100E+01	   5.98800E+23	   6.79600E+24	   9.73400E+23	   7.54700E+24	   2.35900E-13	   2.93700E-13	   8.17900E-15	   2.22604E-20	   2.25400E-13	   8.51100E-17	   2.25400E-13	   0.00000E+00	   2.57400E+02	   3.00000E+00	   2.00000E+00
   94	   6.57900E+02	   1.31400E+01	   5.97100E+23	   6.94500E+24	   9.74700E+23	   7.97900E+24	   2.39300E-13	   2.94600E-13	   9.62500E-15	   2.45016E-20	   2.58500E-13	   8.83800E-17	   2.58400E-13	   0.00000E+00	   2.76400E+02	   3.00000E+00	   2.00000E+00
   95	   7.05500E+02	   1.38600E+01	   5.95700E+23	   7.12900E+24	   9.76100E+23	   8.49100E+24	   2.42800E-13	   2.95300E-13	   1.13200E-14	   2.69353E-20	   2.96500E-13	   9.18800E-17	   2.96400E-13	   0.00000E+00	   2.97400E+02	   3.00000E+00	   2.00000E+00
   96	   7.56500E+02	   1.46900E+01	   5.94600E+23	   7.35500E+24	   9.77700E+23	   9.10000E+24	   2.46200E-13	   2.95800E-13	   1.33100E-14	   2.95899E-20	   3.40200E-13	   9.56300E-17	   3.40100E-13	   0.00000E+00	   4.23400E+02	   4.00000E+00	   3.00000E+00
   97	   8.11100E+02	   1.56500E+01	   5.93700E+23	   7.63300E+24	   9.79200E+23	   9.82900E+24	   2.49600E-13	   2.96300E-13	   1.56300E-14	   3.24577E-20	   3.90600E-13	   9.96600E-17	   3.90500E-13	   0.00000E+00	   4.77300E+02	   4.00000E+00	   3.00000E+00
   98	   8.69700E+02	   1.67700E+01	   5.93000E+23	   7.97500E+24	   9.80500E+23	   1.07100E+25	   2.53100E-13	   2.96600E-13	   1.83600E-14	   3.55999E-20	   4.48600E-13	   1.04000E-16	   4.48500E-13	   0.00000E+00	   5.55900E+02	   4.00000E+00	   3.00000E+00
   99	   9.32600E+02	   1.81000E+01	   5.92500E+23	   8.39700E+24	   9.81500E+23	   1.17800E+25	   2.56500E-13	   2.96800E-13	   2.15500E-14	   3.89999E-20	   5.15300E-13	   1.08700E-16	   5.15200E-13	   0.00000E+00	   8.28500E+02	   4.00000E+00	   4.00000E+00
  100	   1.00000E+03	   1.96800E+01	   5.92100E+23	   8.91900E+24	   9.81900E+23	   1.30900E+25	   2.59900E-13	   2.97100E-13	   2.52700E-14	   4.26786E-20	   5.92100E-13	   1.13800E-16	   5.92000E-13	   0.00000E+00	   9.56900E+02	   4.00000E+00	   4.00000E+00
