BOLSIG+ version: 03/2016
Collision input data:
--------------------------------------------------
Ar                                                              
LXCat-June2013.txt
How to reference in publications:
1) Yamabe, Buckman, and Phelps, Phys. Rev. 27, 1345 (1983). Revised Oct 1997
2) PHELPS database,http://www.lxcat.laplace.univ-tlse.fr, retrieved June 4, 2013.
 
 
 
 Transport coefficients
A1     Mean energy (eV)                                                
A2     Mobility *N (1/m/V/s)                                           
A6     Diffusion coefficient *N (1/m/s)                                
A11    Energy mobility *N (1/m/V/s)                                    
A12    Energy diffusion coef. D*N (1/m/s)                              
A13    Total collision freq. /N (m3/s)                                 
A14    Momentum frequency /N (m3/s)                                    
A16    Total ionization freq. /N (m3/s)                                
A18    Townsend ioniz. coef. alpha/N (m2)                              
A20    Power /N (eV m3/s)                                              
A21    Elastic power loss /N (eV m3/s)                                 
A22    Inelastic power loss /N (eV m3/s)                               
A23    Growth power /N (eV m3/s)                                       
A27    Maximum energy                                                  
A28    # of iterations                                                 
A29    # of grid trials                                                
          R#    E/N (Td)      A1          A2          A6         A11         A12         A13         A14         A16         A18         A20         A21         A22         A23         A27         A28         A29    
           1   7.000       5.247      0.1041E+25  0.7940E+25  0.1407E+25  0.5999E+25  0.1104E-12  0.1690E-12  0.5609E-25  0.7701E-29  0.5099E-16  0.2140E-16  0.2959E-16  0.2943E-24   16.72       6.000       1.000    
           2   10.97       5.405      0.1051E+25  0.7880E+25  0.1374E+25  0.5899E+25  0.1158E-12  0.1673E-12  0.7672E-22  0.6652E-26  0.1265E-15  0.2339E-16  0.1031E-15  0.4147E-21   18.36       6.000       1.000    
           3   14.94       5.517      0.1033E+25  0.7810E+25  0.1348E+25  0.5841E+25  0.1193E-12  0.1703E-12  0.2513E-20  0.1628E-24  0.2306E-15  0.2469E-16  0.2059E-15  0.1387E-19   19.62       6.000       1.000    
           4   18.91       5.620      0.1008E+25  0.7737E+25  0.1323E+25  0.5794E+25  0.1223E-12  0.1745E-12  0.2092E-19  0.1098E-23  0.3605E-15  0.2582E-16  0.3345E-15  0.1176E-18   20.76       6.000       1.000    
           5   22.88       5.717      0.9834E+24  0.7668E+25  0.1300E+25  0.5753E+25  0.1252E-12  0.1788E-12  0.8942E-19  0.3974E-23  0.5148E-15  0.2686E-16  0.4874E-15  0.5112E-18   21.82       6.000       1.000    
           6   26.85       5.809      0.9608E+24  0.7602E+25  0.1279E+25  0.5718E+25  0.1278E-12  0.1831E-12  0.2616E-18  0.1014E-22  0.6926E-15  0.2784E-16  0.6632E-15  0.1519E-17   23.05       5.000       1.000    
           7   30.82       5.896      0.9404E+24  0.7543E+25  0.1260E+25  0.5687E+25  0.1302E-12  0.1870E-12  0.6021E-18  0.2078E-22  0.8932E-15  0.2876E-16  0.8608E-15  0.3549E-17   23.98       5.000       1.000    
           8   34.79       5.979      0.9224E+24  0.7488E+25  0.1243E+25  0.5660E+25  0.1325E-12  0.1907E-12  0.1179E-17  0.3675E-22  0.1116E-14  0.2964E-16  0.1080E-14  0.7049E-17   24.88       5.000       1.000    
           9   38.76       6.057      0.9064E+24  0.7438E+25  0.1228E+25  0.5636E+25  0.1346E-12  0.1940E-12  0.2059E-17  0.5860E-22  0.1362E-14  0.3048E-16  0.1319E-14  0.1247E-16   25.76       5.000       1.000    
          10   42.73       6.132      0.8923E+24  0.7392E+25  0.1214E+25  0.5615E+25  0.1366E-12  0.1971E-12  0.3300E-17  0.8656E-22  0.1629E-14  0.3128E-16  0.1578E-14  0.2023E-16   26.61       5.000       1.000    
          11   46.70       6.203      0.8799E+24  0.7349E+25  0.1202E+25  0.5597E+25  0.1385E-12  0.1999E-12  0.4958E-17  0.1207E-21  0.1919E-14  0.3205E-16  0.1856E-14  0.3075E-16   32.09       10.00       2.000    
          12   50.67       6.271      0.8686E+24  0.7308E+25  0.1191E+25  0.5580E+25  0.1403E-12  0.2025E-12  0.7073E-17  0.1607E-21  0.2230E-14  0.3278E-16  0.2153E-14  0.4435E-16   33.01       10.00       2.000    
          13   54.64       6.337      0.8584E+24  0.7270E+25  0.1181E+25  0.5565E+25  0.1420E-12  0.2049E-12  0.9683E-17  0.2064E-21  0.2563E-14  0.3348E-16  0.2468E-14  0.6135E-16   33.91       10.00       2.000    
          14   58.61       6.400      0.8494E+24  0.7234E+25  0.1172E+25  0.5552E+25  0.1436E-12  0.2071E-12  0.1282E-16  0.2576E-21  0.2918E-14  0.3416E-16  0.2801E-14  0.8205E-16   34.81       10.00       2.000    
          15   62.58       6.460      0.8412E+24  0.7200E+25  0.1163E+25  0.5541E+25  0.1451E-12  0.2091E-12  0.1651E-16  0.3137E-21  0.3294E-14  0.3481E-16  0.3152E-14  0.1067E-15   36.32       10.00       2.000    
          16   66.55       6.518      0.8336E+24  0.7166E+25  0.1155E+25  0.5530E+25  0.1466E-12  0.2110E-12  0.2078E-16  0.3745E-21  0.3691E-14  0.3544E-16  0.3520E-14  0.1354E-15   37.19       10.00       2.000    
          17   70.52       6.575      0.8268E+24  0.7135E+25  0.1148E+25  0.5521E+25  0.1480E-12  0.2127E-12  0.2563E-16  0.4396E-21  0.4111E-14  0.3605E-16  0.3907E-14  0.1685E-15   38.05       10.00       2.000    
          18   74.48       6.629      0.8203E+24  0.7104E+25  0.1142E+25  0.5512E+25  0.1493E-12  0.2144E-12  0.3108E-16  0.5086E-21  0.4551E-14  0.3664E-16  0.4309E-14  0.2060E-15   38.90       10.00       2.000    
          19   78.45       6.682      0.8146E+24  0.7075E+25  0.1136E+25  0.5506E+25  0.1506E-12  0.2159E-12  0.3715E-16  0.5812E-21  0.5014E-14  0.3721E-16  0.4728E-14  0.2482E-15   39.75       10.00       2.000    
          20   82.42       6.733      0.8091E+24  0.7047E+25  0.1130E+25  0.5500E+25  0.1518E-12  0.2174E-12  0.4382E-16  0.6571E-21  0.5497E-14  0.3777E-16  0.5164E-14  0.2950E-15   40.60       10.00       2.000    
          21   86.39       6.783      0.8040E+24  0.7019E+25  0.1125E+25  0.5494E+25  0.1530E-12  0.2188E-12  0.5112E-16  0.7360E-21  0.6001E-14  0.3831E-16  0.5616E-14  0.3467E-15   41.42       10.00       2.000    
          22   90.36       6.832      0.7993E+24  0.6993E+25  0.1120E+25  0.5490E+25  0.1541E-12  0.2200E-12  0.5906E-16  0.8177E-21  0.6527E-14  0.3884E-16  0.6085E-14  0.4034E-15   42.22       10.00       2.000    
          23   94.33       6.880      0.7947E+24  0.6967E+25  0.1115E+25  0.5486E+25  0.1552E-12  0.2213E-12  0.6760E-16  0.9017E-21  0.7072E-14  0.3935E-16  0.6568E-14  0.4650E-15   43.02       10.00       2.000    
          24   98.30       6.926      0.7907E+24  0.6942E+25  0.1111E+25  0.5483E+25  0.1563E-12  0.2224E-12  0.7681E-16  0.9882E-21  0.7641E-14  0.3985E-16  0.7069E-14  0.5319E-15   43.81       10.00       2.000    
          25   102.3       6.972      0.7866E+24  0.6918E+25  0.1107E+25  0.5480E+25  0.1573E-12  0.2236E-12  0.8661E-16  0.1077E-20  0.8228E-14  0.4034E-16  0.7584E-14  0.6037E-15   44.60       10.00       2.000    
          26   106.2       7.016      0.7829E+24  0.6894E+25  0.1104E+25  0.5479E+25  0.1583E-12  0.2247E-12  0.9706E-16  0.1167E-20  0.8837E-14  0.4082E-16  0.8115E-14  0.6809E-15   46.50       10.00       2.000    
          27   110.2       7.060      0.7792E+24  0.6871E+25  0.1100E+25  0.5477E+25  0.1592E-12  0.2257E-12  0.1081E-15  0.1259E-20  0.9465E-14  0.4128E-16  0.8661E-14  0.7632E-15   47.29       10.00       2.000    
          28   114.2       7.103      0.7759E+24  0.6848E+25  0.1097E+25  0.5476E+25  0.1602E-12  0.2267E-12  0.1198E-15  0.1353E-20  0.1012E-13  0.4174E-16  0.9223E-14  0.8509E-15   48.08       10.00       2.000    
          29   118.2       7.145      0.7727E+24  0.6826E+25  0.1094E+25  0.5476E+25  0.1611E-12  0.2276E-12  0.1322E-15  0.1448E-20  0.1079E-13  0.4219E-16  0.9800E-14  0.9442E-15   48.87       10.00       2.000    
          30   122.1       7.186      0.7695E+24  0.6805E+25  0.1091E+25  0.5476E+25  0.1619E-12  0.2286E-12  0.1451E-15  0.1544E-20  0.1148E-13  0.4263E-16  0.1039E-13  0.1042E-14   49.67       10.00       2.000    
          31   126.1       7.227      0.7665E+24  0.6785E+25  0.1088E+25  0.5477E+25  0.1628E-12  0.2295E-12  0.1587E-15  0.1642E-20  0.1219E-13  0.4307E-16  0.1100E-13  0.1147E-14   50.43       10.00       2.000    
          32   130.1       7.264      0.7637E+24  0.6764E+25  0.1086E+25  0.5480E+25  0.1636E-12  0.2303E-12  0.1729E-15  0.1741E-20  0.1292E-13  0.4349E-16  0.1162E-13  0.1256E-14   51.18       11.00       2.000    
          33   134.0       7.304      0.7609E+24  0.6744E+25  0.1083E+25  0.5481E+25  0.1644E-12  0.2312E-12  0.1877E-15  0.1840E-20  0.1367E-13  0.4391E-16  0.1225E-13  0.1371E-14   51.94       10.00       2.000    
          34   138.0       7.343      0.7581E+24  0.6724E+25  0.1081E+25  0.5482E+25  0.1652E-12  0.2320E-12  0.2031E-15  0.1941E-20  0.1444E-13  0.4432E-16  0.1290E-13  0.1491E-14   52.69       10.00       2.000    
          35   142.0       7.381      0.7556E+24  0.6706E+25  0.1078E+25  0.5484E+25  0.1660E-12  0.2328E-12  0.2191E-15  0.2043E-20  0.1523E-13  0.4473E-16  0.1357E-13  0.1618E-14   53.41       10.00       2.000    
          36   145.9       7.419      0.7531E+24  0.6687E+25  0.1076E+25  0.5487E+25  0.1667E-12  0.2335E-12  0.2358E-15  0.2145E-20  0.1604E-13  0.4513E-16  0.1425E-13  0.1750E-14   55.68       10.00       2.000    
          37   149.9       7.457      0.7507E+24  0.6669E+25  0.1074E+25  0.5489E+25  0.1675E-12  0.2343E-12  0.2530E-15  0.2248E-20  0.1687E-13  0.4552E-16  0.1494E-13  0.1887E-14   56.41       12.00       2.000    
          38   153.9       7.494      0.7484E+24  0.6651E+25  0.1072E+25  0.5492E+25  0.1682E-12  0.2350E-12  0.2709E-15  0.2352E-20  0.1772E-13  0.4592E-16  0.1565E-13  0.2030E-14   57.14       12.00       2.000    
          39   157.8       7.531      0.7462E+24  0.6635E+25  0.1070E+25  0.5496E+25  0.1689E-12  0.2357E-12  0.2894E-15  0.2457E-20  0.1859E-13  0.4630E-16  0.1637E-13  0.2180E-14   57.83       12.00       2.000    
          40   161.8       7.568      0.7440E+24  0.6620E+25  0.1069E+25  0.5500E+25  0.1696E-12  0.2364E-12  0.3084E-15  0.2562E-20  0.1948E-13  0.4668E-16  0.1710E-13  0.2335E-14   58.50       12.00       2.000    
          41   165.8       7.604      0.7418E+24  0.6603E+25  0.1067E+25  0.5504E+25  0.1703E-12  0.2371E-12  0.3280E-15  0.2667E-20  0.2039E-13  0.4706E-16  0.1785E-13  0.2495E-14   59.14       12.00       2.000    
          42   169.8       7.640      0.7397E+24  0.6588E+25  0.1065E+25  0.5508E+25  0.1709E-12  0.2378E-12  0.3483E-15  0.2774E-20  0.2132E-13  0.4743E-16  0.1861E-13  0.2661E-14   59.74       12.00       2.000    
          43   173.7       7.675      0.7378E+24  0.6574E+25  0.1064E+25  0.5513E+25  0.1716E-12  0.2384E-12  0.3692E-15  0.2880E-20  0.2227E-13  0.4780E-16  0.1939E-13  0.2834E-14   62.17       12.00       2.000    
          44   177.7       7.711      0.7358E+24  0.6559E+25  0.1062E+25  0.5518E+25  0.1722E-12  0.2391E-12  0.3905E-15  0.2987E-20  0.2323E-13  0.4816E-16  0.2017E-13  0.3012E-14   62.73       12.00       2.000    
          45   181.7       7.746      0.7338E+24  0.6545E+25  0.1060E+25  0.5523E+25  0.1728E-12  0.2397E-12  0.4125E-15  0.3095E-20  0.2422E-13  0.4852E-16  0.2097E-13  0.3196E-14   63.29       12.00       2.000    
          46   185.6       7.781      0.7320E+24  0.6532E+25  0.1059E+25  0.5529E+25  0.1734E-12  0.2403E-12  0.4352E-15  0.3202E-20  0.2523E-13  0.4888E-16  0.2179E-13  0.3387E-14   63.85       12.00       2.000    
          47   189.6       7.815      0.7303E+24  0.6518E+25  0.1058E+25  0.5534E+25  0.1740E-12  0.2408E-12  0.4584E-15  0.3311E-20  0.2625E-13  0.4923E-16  0.2262E-13  0.3583E-14   64.41       12.00       2.000    
          48   193.6       7.849      0.7283E+24  0.6505E+25  0.1056E+25  0.5539E+25  0.1746E-12  0.2415E-12  0.4821E-15  0.3419E-20  0.2729E-13  0.4957E-16  0.2346E-13  0.3784E-14   67.07       12.00       2.000    
          49   197.5       7.884      0.7267E+24  0.6492E+25  0.1055E+25  0.5546E+25  0.1752E-12  0.2420E-12  0.5064E-15  0.3528E-20  0.2836E-13  0.4993E-16  0.2431E-13  0.3993E-14   67.68       12.00       2.000    
          50   201.5       7.918      0.7250E+24  0.6481E+25  0.1054E+25  0.5553E+25  0.1758E-12  0.2426E-12  0.5314E-15  0.3637E-20  0.2944E-13  0.5027E-16  0.2518E-13  0.4208E-14   68.29       12.00       2.000    
          51   205.5       7.952      0.7234E+24  0.6469E+25  0.1053E+25  0.5560E+25  0.1764E-12  0.2431E-12  0.5569E-15  0.3746E-20  0.3054E-13  0.5062E-16  0.2607E-13  0.4429E-14   68.90       12.00       2.000    
          52   209.5       7.985      0.7218E+24  0.6457E+25  0.1052E+25  0.5567E+25  0.1769E-12  0.2437E-12  0.5829E-15  0.3856E-20  0.3166E-13  0.5095E-16  0.2696E-13  0.4656E-14   69.51       12.00       2.000    
          53   213.4       8.019      0.7201E+24  0.6445E+25  0.1051E+25  0.5573E+25  0.1775E-12  0.2443E-12  0.6095E-15  0.3966E-20  0.3280E-13  0.5129E-16  0.2786E-13  0.4889E-14   70.12       12.00       2.000    
          54   217.4       8.052      0.7184E+24  0.6433E+25  0.1049E+25  0.5579E+25  0.1780E-12  0.2448E-12  0.6366E-15  0.4076E-20  0.3395E-13  0.5162E-16  0.2877E-13  0.5126E-14   70.73       12.00       2.000    
          55   221.4       8.085      0.7170E+24  0.6424E+25  0.1048E+25  0.5588E+25  0.1786E-12  0.2453E-12  0.6644E-15  0.4186E-20  0.3513E-13  0.5196E-16  0.2971E-13  0.5373E-14   73.79       12.00       2.000    
          56   225.3       8.119      0.7154E+24  0.6414E+25  0.1047E+25  0.5596E+25  0.1791E-12  0.2458E-12  0.6927E-15  0.4297E-20  0.3633E-13  0.5229E-16  0.3065E-13  0.5625E-14   74.45       12.00       2.000    
          57   229.3       8.151      0.7139E+24  0.6404E+25  0.1046E+25  0.5603E+25  0.1796E-12  0.2464E-12  0.7214E-15  0.4407E-20  0.3754E-13  0.5261E-16  0.3160E-13  0.5882E-14   75.11       12.00       2.000    
          58   233.3       8.184      0.7124E+24  0.6394E+25  0.1045E+25  0.5611E+25  0.1801E-12  0.2469E-12  0.7509E-15  0.4518E-20  0.3877E-13  0.5294E-16  0.3257E-13  0.6147E-14   75.77       12.00       2.000    
          59   237.2       8.216      0.7109E+24  0.6384E+25  0.1044E+25  0.5619E+25  0.1806E-12  0.2474E-12  0.7808E-15  0.4629E-20  0.4001E-13  0.5326E-16  0.3354E-13  0.6417E-14   76.43       12.00       2.000    
          60   241.2       8.249      0.7096E+24  0.6375E+25  0.1043E+25  0.5628E+25  0.1811E-12  0.2479E-12  0.8113E-15  0.4740E-20  0.4129E-13  0.5358E-16  0.3454E-13  0.6694E-14   77.10       12.00       2.000    
          61   245.2       8.282      0.7082E+24  0.6367E+25  0.1043E+25  0.5637E+25  0.1816E-12  0.2483E-12  0.8424E-15  0.4851E-20  0.4257E-13  0.5390E-16  0.3554E-13  0.6978E-14   77.76       12.00       2.000    
          62   249.2       8.315      0.7069E+24  0.6358E+25  0.1042E+25  0.5646E+25  0.1821E-12  0.2488E-12  0.8740E-15  0.4963E-20  0.4388E-13  0.5423E-16  0.3656E-13  0.7269E-14   78.43       12.00       2.000    
          63   253.1       8.347      0.7055E+24  0.6350E+25  0.1041E+25  0.5655E+25  0.1826E-12  0.2493E-12  0.9062E-15  0.5074E-20  0.4520E-13  0.5454E-16  0.3758E-13  0.7566E-14   79.09       12.00       2.000    
          64   257.1       8.379      0.7041E+24  0.6340E+25  0.1040E+25  0.5663E+25  0.1830E-12  0.2498E-12  0.9388E-15  0.5186E-20  0.4654E-13  0.5486E-16  0.3862E-13  0.7868E-14   82.66       12.00       2.000    
          65   261.1       8.412      0.7029E+24  0.6332E+25  0.1039E+25  0.5673E+25  0.1835E-12  0.2502E-12  0.9720E-15  0.5298E-20  0.4790E-13  0.5517E-16  0.3967E-13  0.8178E-14   83.38       12.00       2.000    
          66   265.0       8.444      0.7016E+24  0.6324E+25  0.1038E+25  0.5683E+25  0.1840E-12  0.2507E-12  0.1006E-14  0.5409E-20  0.4928E-13  0.5549E-16  0.4073E-13  0.8495E-14   84.10       12.00       2.000    
          67   269.0       8.476      0.7003E+24  0.6317E+25  0.1038E+25  0.5692E+25  0.1844E-12  0.2511E-12  0.1040E-14  0.5521E-20  0.5068E-13  0.5580E-16  0.4181E-13  0.8818E-14   84.82       12.00       2.000    
          68   273.0       8.508      0.6991E+24  0.6309E+25  0.1037E+25  0.5702E+25  0.1849E-12  0.2516E-12  0.1075E-14  0.5633E-20  0.5209E-13  0.5611E-16  0.4289E-13  0.9148E-14   85.55       12.00       2.000    
          69   276.9       8.540      0.6979E+24  0.6302E+25  0.1036E+25  0.5712E+25  0.1853E-12  0.2520E-12  0.1110E-14  0.5745E-20  0.5352E-13  0.5642E-16  0.4398E-13  0.9484E-14   86.27       12.00       2.000    
          70   280.9       8.572      0.6966E+24  0.6295E+25  0.1035E+25  0.5722E+25  0.1858E-12  0.2525E-12  0.1146E-14  0.5857E-20  0.5497E-13  0.5673E-16  0.4509E-13  0.9826E-14   86.99       12.00       2.000    
          71   284.9       8.604      0.6953E+24  0.6288E+25  0.1034E+25  0.5732E+25  0.1862E-12  0.2530E-12  0.1182E-14  0.5969E-20  0.5643E-13  0.5703E-16  0.4620E-13  0.1017E-13   87.72       12.00       2.000    
          72   288.8       8.636      0.6942E+24  0.6282E+25  0.1034E+25  0.5743E+25  0.1867E-12  0.2534E-12  0.1219E-14  0.6081E-20  0.5792E-13  0.5734E-16  0.4733E-13  0.1053E-13   88.44       12.00       2.000    
          73   292.8       8.668      0.6930E+24  0.6276E+25  0.1033E+25  0.5754E+25  0.1871E-12  0.2538E-12  0.1257E-14  0.6193E-20  0.5942E-13  0.5765E-16  0.4847E-13  0.1090E-13   89.17       12.00       2.000    
          74   296.8       8.700      0.6919E+24  0.6270E+25  0.1033E+25  0.5765E+25  0.1875E-12  0.2542E-12  0.1295E-14  0.6306E-20  0.6095E-13  0.5795E-16  0.4962E-13  0.1127E-13   89.90       12.00       2.000    
          75   300.8       8.732      0.6909E+24  0.6264E+25  0.1032E+25  0.5776E+25  0.1879E-12  0.2546E-12  0.1333E-14  0.6418E-20  0.6249E-13  0.5826E-16  0.5079E-13  0.1165E-13   90.63       12.00       2.000    
          76   304.7       8.764      0.6897E+24  0.6258E+25  0.1031E+25  0.5787E+25  0.1884E-12  0.2550E-12  0.1372E-14  0.6530E-20  0.6404E-13  0.5857E-16  0.5196E-13  0.1203E-13   91.36       12.00       2.000    
          77   308.7       8.795      0.6885E+24  0.6253E+25  0.1030E+25  0.5797E+25  0.1888E-12  0.2555E-12  0.1412E-14  0.6642E-20  0.6561E-13  0.5886E-16  0.5313E-13  0.1242E-13   95.65       12.00       2.000    
          78   312.7       8.827      0.6874E+24  0.6248E+25  0.1030E+25  0.5809E+25  0.1892E-12  0.2559E-12  0.1452E-14  0.6754E-20  0.6720E-13  0.5917E-16  0.5433E-13  0.1282E-13   96.43       12.00       2.000    
          79   316.6       8.859      0.6864E+24  0.6243E+25  0.1029E+25  0.5821E+25  0.1896E-12  0.2562E-12  0.1492E-14  0.6867E-20  0.6882E-13  0.5947E-16  0.5554E-13  0.1322E-13   97.21       12.00       2.000    
          80   320.6       8.891      0.6854E+24  0.6239E+25  0.1029E+25  0.5833E+25  0.1900E-12  0.2566E-12  0.1533E-14  0.6979E-20  0.7045E-13  0.5977E-16  0.5675E-13  0.1364E-13   97.99       12.00       2.000    
          81   324.6       8.923      0.6844E+24  0.6235E+25  0.1028E+25  0.5846E+25  0.1904E-12  0.2570E-12  0.1575E-14  0.7091E-20  0.7210E-13  0.6008E-16  0.5798E-13  0.1406E-13   98.77       12.00       2.000    
          82   328.5       8.954      0.6834E+24  0.6230E+25  0.1028E+25  0.5858E+25  0.1908E-12  0.2574E-12  0.1617E-14  0.7204E-20  0.7376E-13  0.6037E-16  0.5922E-13  0.1449E-13   99.55       12.00       2.000    
          83   332.5       8.986      0.6822E+24  0.6225E+25  0.1027E+25  0.5869E+25  0.1912E-12  0.2578E-12  0.1660E-14  0.7316E-20  0.7543E-13  0.6067E-16  0.6046E-13  0.1492E-13   100.3       12.00       2.000    
          84   336.5       9.017      0.6811E+24  0.6220E+25  0.1026E+25  0.5881E+25  0.1916E-12  0.2582E-12  0.1702E-14  0.7428E-20  0.7712E-13  0.6097E-16  0.6171E-13  0.1536E-13   101.1       12.00       2.000    
          85   340.5       9.049      0.6800E+24  0.6215E+25  0.1025E+25  0.5892E+25  0.1920E-12  0.2586E-12  0.1746E-14  0.7540E-20  0.7882E-13  0.6126E-16  0.6296E-13  0.1580E-13   101.9       12.00       2.000    
          86   344.4       9.081      0.6791E+24  0.6211E+25  0.1025E+25  0.5905E+25  0.1924E-12  0.2590E-12  0.1790E-14  0.7652E-20  0.8056E-13  0.6156E-16  0.6424E-13  0.1626E-13   102.7       12.00       2.000    
          87   348.4       9.113      0.6782E+24  0.6208E+25  0.1024E+25  0.5918E+25  0.1927E-12  0.2593E-12  0.1835E-14  0.7765E-20  0.8232E-13  0.6186E-16  0.6554E-13  0.1672E-13   103.5       12.00       2.000    
          88   352.4       9.145      0.6773E+24  0.6203E+25  0.1024E+25  0.5932E+25  0.1931E-12  0.2597E-12  0.1880E-14  0.7877E-20  0.8410E-13  0.6217E-16  0.6684E-13  0.1720E-13   121.6       17.00       3.000    
          89   356.3       9.177      0.6764E+24  0.6199E+25  0.1024E+25  0.5946E+25  0.1935E-12  0.2600E-12  0.1926E-14  0.7989E-20  0.8589E-13  0.6247E-16  0.6815E-13  0.1768E-13   122.5       17.00       3.000    
          90   360.3       9.209      0.6755E+24  0.6196E+25  0.1023E+25  0.5959E+25  0.1939E-12  0.2604E-12  0.1972E-14  0.8101E-20  0.8769E-13  0.6276E-16  0.6947E-13  0.1816E-13   123.4       17.00       3.000    
          91   364.3       9.241      0.6745E+24  0.6193E+25  0.1022E+25  0.5972E+25  0.1942E-12  0.2608E-12  0.2018E-14  0.8213E-20  0.8950E-13  0.6306E-16  0.7079E-13  0.1865E-13   124.3       17.00       3.000    
          92   368.2       9.273      0.6735E+24  0.6190E+25  0.1022E+25  0.5985E+25  0.1946E-12  0.2611E-12  0.2065E-14  0.8325E-20  0.9133E-13  0.6336E-16  0.7212E-13  0.1915E-13   125.2       17.00       3.000    
          93   372.2       9.305      0.6725E+24  0.6187E+25  0.1021E+25  0.5998E+25  0.1950E-12  0.2615E-12  0.2112E-14  0.8437E-20  0.9318E-13  0.6365E-16  0.7346E-13  0.1966E-13   126.1       18.00       3.000    
          94   376.2       9.336      0.6716E+24  0.6183E+25  0.1021E+25  0.6011E+25  0.1953E-12  0.2619E-12  0.2160E-14  0.8549E-20  0.9504E-13  0.6394E-16  0.7481E-13  0.2017E-13   127.1       18.00       3.000    
          95   380.2       9.368      0.6707E+24  0.6181E+25  0.1020E+25  0.6025E+25  0.1957E-12  0.2622E-12  0.2208E-14  0.8661E-20  0.9692E-13  0.6424E-16  0.7617E-13  0.2069E-13   128.0       18.00       3.000    
          96   384.1       9.401      0.6700E+24  0.6178E+25  0.1020E+25  0.6039E+25  0.1960E-12  0.2625E-12  0.2258E-14  0.8773E-20  0.9886E-13  0.6454E-16  0.7757E-13  0.2123E-13   115.1       13.00       2.000    
          97   388.1       9.433      0.6692E+24  0.6175E+25  0.1019E+25  0.6054E+25  0.1964E-12  0.2628E-12  0.2307E-14  0.8885E-20  0.1008E-12  0.6483E-16  0.7896E-13  0.2177E-13   115.9       13.00       2.000    
          98   392.1       9.464      0.6682E+24  0.6172E+25  0.1019E+25  0.6067E+25  0.1967E-12  0.2632E-12  0.2357E-14  0.8997E-20  0.1027E-12  0.6512E-16  0.8034E-13  0.2231E-13   116.8       13.00       2.000    
          99   396.0       9.496      0.6672E+24  0.6169E+25  0.1018E+25  0.6080E+25  0.1971E-12  0.2636E-12  0.2407E-14  0.9108E-20  0.1046E-12  0.6542E-16  0.8173E-13  0.2286E-13   117.6       13.00       2.000    
         100   400.0       9.528      0.6663E+24  0.6166E+25  0.1018E+25  0.6094E+25  0.1974E-12  0.2640E-12  0.2457E-14  0.9220E-20  0.1066E-12  0.6571E-16  0.8313E-13  0.2342E-13   118.5       13.00       2.000    
 
 
