  5.528801E+18	  2.118164E+02	  5.528801E+04	  1.232287E+00
  2.298764E-04	  5.525524E+18	  5.525524E+18	  4.869159E-02	  9.994074E-01
  4.551552E-04	  5.515961E+18	  5.515961E+18	  9.640935E-02	  9.976777E-01
  6.759285E-04	  5.500504E+18	  5.500504E+18	  1.431728E-01	  9.948820E-01
  8.922863E-04	  5.479537E+18	  5.479537E+18	  1.890009E-01	  9.910896E-01
  1.104317E-03	  5.453432E+18	  5.453432E+18	  2.339125E-01	  9.863679E-01
  1.312107E-03	  5.422550E+18	  5.422550E+18	  2.779258E-01	  9.807823E-01
  1.515741E-03	  5.387241E+18	  5.387241E+18	  3.210589E-01	  9.743958E-01
  1.715303E-03	  5.347839E+18	  5.347839E+18	  3.633293E-01	  9.672692E-01
  1.910873E-03	  5.304668E+18	  5.304668E+18	  4.047543E-01	  9.594609E-01
  2.102532E-03	  5.258039E+18	  5.258039E+18	  4.453508E-01	  9.510269E-01
  2.290358E-03	  5.208245E+18	  5.208245E+18	  4.851354E-01	  9.420208E-01
  2.474427E-03	  5.155571E+18	  5.155571E+18	  5.241243E-01	  9.324936E-01
  2.654815E-03	  5.100286E+18	  5.100286E+18	  5.623334E-01	  9.224941E-01
  2.831595E-03	  5.042645E+18	  5.042645E+18	  5.997783E-01	  9.120684E-01
  3.004839E-03	  4.982890E+18	  4.982890E+18	  6.364743E-01	  9.012606E-01
  3.174619E-03	  4.921253E+18	  4.921253E+18	  6.724364E-01	  8.901121E-01
  3.341003E-03	  4.857949E+18	  4.857949E+18	  7.076793E-01	  8.786623E-01
  3.504059E-03	  4.793184E+18	  4.793184E+18	  7.422173E-01	  8.669482E-01
  3.663855E-03	  4.727151E+18	  4.727151E+18	  7.760645E-01	  8.550048E-01
  3.820454E-03	  4.660031E+18	  4.660031E+18	  8.092348E-01	  8.428648E-01
  3.973921E-03	  4.591995E+18	  4.591995E+18	  8.417417E-01	  8.305590E-01
  4.124319E-03	  4.523202E+18	  4.523202E+18	  8.735985E-01	  8.181163E-01
  4.271709E-03	  4.453802E+18	  4.453802E+18	  9.048181E-01	  8.055638E-01
  4.416151E-03	  4.383933E+18	  4.383933E+18	  9.354133E-01	  7.929265E-01
  4.557705E-03	  4.313725E+18	  4.313725E+18	  9.653966E-01	  7.802280E-01
  4.696427E-03	  4.243300E+18	  4.243300E+18	  9.947803E-01	  7.674902E-01
  4.832375E-03	  4.172770E+18	  4.172770E+18	  1.023576E+00	  7.547333E-01
  4.965604E-03	  4.102238E+18	  4.102238E+18	  1.051796E+00	  7.419761E-01
  5.096168E-03	  4.031801E+18	  4.031801E+18	  1.079452E+00	  7.292361E-01
  5.224121E-03	  3.961547E+18	  3.961547E+18	  1.106555E+00	  7.165292E-01
  5.349515E-03	  3.891559E+18	  3.891559E+18	  1.133115E+00	  7.038703E-01
  5.472401E-03	  3.821911E+18	  3.821911E+18	  1.159144E+00	  6.912730E-01
  5.592829E-03	  3.752671E+18	  3.752671E+18	  1.184653E+00	  6.787496E-01
  5.710849E-03	  3.683904E+18	  3.683904E+18	  1.209652E+00	  6.663116E-01
  5.826509E-03	  3.615666E+18	  3.615666E+18	  1.234150E+00	  6.539693E-01
  5.939855E-03	  3.548009E+18	  3.548009E+18	  1.258159E+00	  6.417322E-01
  6.050934E-03	  3.480981E+18	  3.480981E+18	  1.281687E+00	  6.296087E-01
  6.159792E-03	  3.414624E+18	  3.414624E+18	  1.304745E+00	  6.176065E-01
  6.266472E-03	  3.348975E+18	  3.348975E+18	  1.327342E+00	  6.057326E-01
  6.371019E-03	  3.284069E+18	  3.284069E+18	  1.349486E+00	  5.939931E-01
  6.473475E-03	  3.219937E+18	  3.219937E+18	  1.371188E+00	  5.823934E-01
  6.573882E-03	  3.156605E+18	  3.156605E+18	  1.392456E+00	  5.709384E-01
  6.672281E-03	  3.094095E+18	  3.094095E+18	  1.413299E+00	  5.596322E-01
  6.768712E-03	  3.032429E+18	  3.032429E+18	  1.433724E+00	  5.484787E-01
  6.863214E-03	  2.971624E+18	  2.971624E+18	  1.453741E+00	  5.374808E-01
  6.955826E-03	  2.911695E+18	  2.911695E+18	  1.473358E+00	  5.266413E-01
  7.046586E-03	  2.852653E+18	  2.852653E+18	  1.492583E+00	  5.159623E-01
  7.135530E-03	  2.794508E+18	  2.794508E+18	  1.511422E+00	  5.054456E-01
  7.222696E-03	  2.737269E+18	  2.737269E+18	  1.529886E+00	  4.950927E-01
  7.308119E-03	  2.680941E+18	  2.680941E+18	  1.547979E+00	  4.849046E-01
  7.391833E-03	  2.625528E+18	  2.625528E+18	  1.565711E+00	  4.748820E-01
  7.473872E-03	  2.571032E+18	  2.571032E+18	  1.583089E+00	  4.650253E-01
  7.554271E-03	  2.517454E+18	  2.517454E+18	  1.600119E+00	  4.553346E-01
  7.633062E-03	  2.464793E+18	  2.464793E+18	  1.616808E+00	  4.458097E-01
  7.710277E-03	  2.413048E+18	  2.413048E+18	  1.633163E+00	  4.364505E-01
  7.785948E-03	  2.362214E+18	  2.362214E+18	  1.649192E+00	  4.272562E-01
  7.860106E-03	  2.312288E+18	  2.312288E+18	  1.664899E+00	  4.182260E-01
  7.932780E-03	  2.263265E+18	  2.263265E+18	  1.680293E+00	  4.093591E-01
  8.004001E-03	  2.215138E+18	  2.215138E+18	  1.695379E+00	  4.006543E-01
  8.073797E-03	  2.167900E+18	  2.167900E+18	  1.710163E+00	  3.921103E-01
  8.142198E-03	  2.121543E+18	  2.121543E+18	  1.724651E+00	  3.837257E-01
  8.209230E-03	  2.076060E+18	  2.076060E+18	  1.738850E+00	  3.754991E-01
  8.274922E-03	  2.031440E+18	  2.031440E+18	  1.752764E+00	  3.674287E-01
  8.339300E-03	  1.987675E+18	  1.987675E+18	  1.766401E+00	  3.595129E-01
  8.402390E-03	  1.944755E+18	  1.944755E+18	  1.779764E+00	  3.517499E-01
  8.464219E-03	  1.902669E+18	  1.902669E+18	  1.792860E+00	  3.441377E-01
  8.524811E-03	  1.861406E+18	  1.861406E+18	  1.805695E+00	  3.366745E-01
  8.584191E-03	  1.820956E+18	  1.820956E+18	  1.818272E+00	  3.293582E-01
  8.642383E-03	  1.781307E+18	  1.781307E+18	  1.830599E+00	  3.221868E-01
  8.699412E-03	  1.742447E+18	  1.742447E+18	  1.842678E+00	  3.151582E-01
  8.755300E-03	  1.704365E+18	  1.704365E+18	  1.854516E+00	  3.082702E-01
  8.810071E-03	  1.667048E+18	  1.667048E+18	  1.866118E+00	  3.015208E-01
  8.863746E-03	  1.630485E+18	  1.630485E+18	  1.877487E+00	  2.949076E-01
  8.916347E-03	  1.594664E+18	  1.594664E+18	  1.888629E+00	  2.884286E-01
  8.967897E-03	  1.559572E+18	  1.559572E+18	  1.899548E+00	  2.820815E-01
  9.018415E-03	  1.525197E+18	  1.525197E+18	  1.910248E+00	  2.758640E-01
  9.067923E-03	  1.491527E+18	  1.491527E+18	  1.920735E+00	  2.697741E-01
  9.116441E-03	  1.458550E+18	  1.458550E+18	  1.931012E+00	  2.638094E-01
  9.163989E-03	  1.426253E+18	  1.426253E+18	  1.941083E+00	  2.579678E-01
  9.210585E-03	  1.394623E+18	  1.394623E+18	  1.950953E+00	  2.522470E-01
  9.256250E-03	  1.363650E+18	  1.363650E+18	  1.960626E+00	  2.466449E-01
  9.301001E-03	  1.333321E+18	  1.333321E+18	  1.970105E+00	  2.411592E-01
  9.344858E-03	  1.303624E+18	  1.303624E+18	  1.979394E+00	  2.357878E-01
  9.387837E-03	  1.274546E+18	  1.274546E+18	  1.988498E+00	  2.305285E-01
  9.429956E-03	  1.246077E+18	  1.246077E+18	  1.997420E+00	  2.253792E-01
  9.471234E-03	  1.218204E+18	  1.218204E+18	  2.006163E+00	  2.203378E-01
  9.511685E-03	  1.190916E+18	  1.190916E+18	  2.014731E+00	  2.154022E-01
  9.551328E-03	  1.164201E+18	  1.164201E+18	  2.023128E+00	  2.105703E-01
  9.590178E-03	  1.138049E+18	  1.138049E+18	  2.031357E+00	  2.058401E-01
  9.628251E-03	  1.112448E+18	  1.112448E+18	  2.039422E+00	  2.012096E-01
  9.665562E-03	  1.087386E+18	  1.087386E+18	  2.047325E+00	  1.966767E-01
  9.702127E-03	  1.062854E+18	  1.062854E+18	  2.055070E+00	  1.922396E-01
  9.737961E-03	  1.038840E+18	  1.038840E+18	  2.062660E+00	  1.878962E-01
  9.773078E-03	  1.015334E+18	  1.015334E+18	  2.070098E+00	  1.836446E-01
  9.807493E-03	  9.923261E+17	  9.923261E+17	  2.077388E+00	  1.794831E-01
  9.841220E-03	  9.698050E+17	  9.698050E+17	  2.084532E+00	  1.754096E-01
  9.874272E-03	  9.477611E+17	  9.477611E+17	  2.091533E+00	  1.714225E-01
  9.906662E-03	  9.261846E+17	  9.261846E+17	  2.098394E+00	  1.675200E-01
  9.938406E-03	  9.050656E+17	  9.050656E+17	  2.105117E+00	  1.637002E-01
  9.969514E-03	  8.843948E+17	  8.843948E+17	  2.111707E+00	  1.599614E-01
  1.000000E-02	  8.641627E+17	  8.641627E+17	  2.118164E+00	  1.563020E-01
