 k	Main mesh (r_k):	grid steps h_k	Aux. grid (r_{k+1/2}	h_half_k	a_k	b_k	u_k	w_k
   0	  0.000000E+00	  2.298764E-04	  1.149382E-04
   1	  2.298764E-04	  2.252789E-04	  3.425158E-04	  2.275776E-04	  2.197053E+03	  6.547217E+03	  2.175082E+03	  3.862026E+07
   2	  4.551552E-04	  2.207733E-04	  5.655419E-04	  2.230261E-04	  3.374158E+03	  5.571211E+03	  1.098526E+03	  4.021268E+07
   3	  6.759285E-04	  2.163578E-04	  7.841074E-04	  2.185655E-04	  3.828091E+03	  5.307538E+03	  7.397232E+02	  4.187077E+07
   4	  8.922863E-04	  2.120307E-04	  9.983017E-04	  2.141942E-04	  4.102641E+03	  5.223358E+03	  5.603582E+02	  4.359722E+07
   5	  1.104317E-03	  2.077900E-04	  1.208212E-03	  2.099103E-04	  4.306597E+03	  5.212134E+03	  4.527686E+02	  4.539485E+07
   6	  1.312107E-03	  2.036342E-04	  1.413924E-03	  2.057121E-04	  4.476246E+03	  5.238379E+03	  3.810665E+02	  4.726661E+07
   7	  1.515741E-03	  1.995616E-04	  1.615522E-03	  2.015979E-04	  4.627166E+03	  5.286909E+03	  3.298716E+02	  4.921555E+07
   8	  1.715303E-03	  1.955703E-04	  1.813088E-03	  1.975659E-04	  4.767163E+03	  5.350151E+03	  2.914937E+02	  5.124484E+07
   9	  1.910873E-03	  1.916589E-04	  2.006703E-03	  1.936146E-04	  4.900596E+03	  5.423917E+03	  2.616605E+02	  5.335781E+07
  10	  2.102532E-03	  1.878257E-04	  2.196445E-03	  1.897423E-04	  5.030095E+03	  5.505712E+03	  2.378085E+02	  5.555790E+07
  11	  2.290358E-03	  1.840692E-04	  2.382392E-03	  1.859475E-04	  5.157351E+03	  5.593964E+03	  2.183065E+02	  5.784871E+07
  12	  2.474427E-03	  1.803878E-04	  2.564621E-03	  1.822285E-04	  5.283507E+03	  5.687641E+03	  2.020670E+02	  6.023398E+07
  13	  2.654815E-03	  1.767801E-04	  2.743205E-03	  1.785840E-04	  5.409368E+03	  5.786042E+03	  1.883370E+02	  6.271760E+07
  14	  2.831595E-03	  1.732445E-04	  2.918217E-03	  1.750123E-04	  5.535522E+03	  5.888680E+03	  1.765789E+02	  6.530362E+07
  15	  3.004839E-03	  1.697796E-04	  3.089729E-03	  1.715120E-04	  5.662416E+03	  5.995212E+03	  1.663982E+02	  6.799627E+07
  16	  3.174619E-03	  1.663840E-04	  3.257811E-03	  1.680818E-04	  5.790394E+03	  6.105393E+03	  1.574992E+02	  7.079995E+07
  17	  3.341003E-03	  1.630563E-04	  3.422531E-03	  1.647202E-04	  5.919735E+03	  6.219046E+03	  1.496557E+02	  7.371923E+07
  18	  3.504059E-03	  1.597952E-04	  3.583957E-03	  1.614258E-04	  6.050665E+03	  6.336049E+03	  1.426916E+02	  7.675888E+07
  19	  3.663855E-03	  1.565993E-04	  3.742154E-03	  1.581972E-04	  6.183376E+03	  6.456313E+03	  1.364683E+02	  7.992387E+07
  20	  3.820454E-03	  1.534673E-04	  3.897187E-03	  1.550333E-04	  6.318031E+03	  6.579780E+03	  1.308745E+02	  8.321935E+07
  21	  3.973921E-03	  1.503980E-04	  4.049120E-03	  1.519326E-04	  6.454773E+03	  6.706414E+03	  1.258203E+02	  8.665072E+07
  22	  4.124319E-03	  1.473900E-04	  4.198014E-03	  1.488940E-04	  6.593732E+03	  6.836196E+03	  1.212321E+02	  9.022358E+07
  23	  4.271709E-03	  1.444422E-04	  4.343930E-03	  1.459161E-04	  6.735022E+03	  6.969120E+03	  1.170492E+02	  9.394375E+07
  24	  4.416151E-03	  1.415534E-04	  4.486928E-03	  1.429978E-04	  6.878751E+03	  7.105193E+03	  1.132208E+02	  9.781731E+07
  25	  4.557705E-03	  1.387223E-04	  4.627066E-03	  1.401378E-04	  7.025020E+03	  7.244429E+03	  1.097043E+02	  1.018506E+08
  26	  4.696427E-03	  1.359478E-04	  4.764401E-03	  1.373351E-04	  7.173922E+03	  7.386850E+03	  1.064639E+02	  1.060502E+08
  27	  4.832375E-03	  1.332289E-04	  4.898989E-03	  1.345884E-04	  7.325549E+03	  7.532486E+03	  1.034688E+02	  1.104229E+08
  28	  4.965604E-03	  1.305643E-04	  5.030886E-03	  1.318966E-04	  7.479987E+03	  7.681372E+03	  1.006927E+02	  1.149760E+08
  29	  5.096168E-03	  1.279530E-04	  5.160144E-03	  1.292587E-04	  7.637321E+03	  7.833547E+03	  9.811294E+01	  1.197168E+08
  30	  5.224121E-03	  1.253940E-04	  5.286818E-03	  1.266735E-04	  7.797635E+03	  7.989055E+03	  9.570988E+01	  1.246530E+08
  31	  5.349515E-03	  1.228861E-04	  5.410958E-03	  1.241400E-04	  7.961009E+03	  8.147942E+03	  9.346642E+01	  1.297928E+08
  32	  5.472401E-03	  1.204284E-04	  5.532615E-03	  1.216572E-04	  8.127526E+03	  8.310261E+03	  9.136757E+01	  1.351445E+08
  33	  5.592829E-03	  1.180198E-04	  5.651839E-03	  1.192241E-04	  8.297264E+03	  8.476065E+03	  8.940019E+01	  1.407169E+08
  34	  5.710849E-03	  1.156594E-04	  5.768679E-03	  1.168396E-04	  8.470305E+03	  8.645411E+03	  8.755265E+01	  1.465191E+08
  35	  5.826509E-03	  1.133462E-04	  5.883182E-03	  1.145028E-04	  8.646729E+03	  8.818358E+03	  8.581469E+01	  1.525605E+08
  36	  5.939855E-03	  1.110793E-04	  5.995394E-03	  1.122127E-04	  8.826616E+03	  8.994970E+03	  8.417714E+01	  1.588510E+08
  37	  6.050934E-03	  1.088577E-04	  6.105363E-03	  1.099685E-04	  9.010047E+03	  9.175311E+03	  8.263187E+01	  1.654009E+08
  38	  6.159792E-03	  1.066805E-04	  6.213132E-03	  1.077691E-04	  9.197104E+03	  9.359447E+03	  8.117157E+01	  1.722208E+08
  39	  6.266472E-03	  1.045469E-04	  6.318746E-03	  1.056137E-04	  9.387869E+03	  9.547449E+03	  7.978971E+01	  1.793220E+08
  40	  6.371019E-03	  1.024560E-04	  6.422247E-03	  1.035015E-04	  9.582426E+03	  9.739387E+03	  7.848038E+01	  1.867159E+08
  41	  6.473475E-03	  1.004069E-04	  6.523679E-03	  1.014314E-04	  9.780858E+03	  9.935335E+03	  7.723827E+01	  1.944147E+08
  42	  6.573882E-03	  9.839874E-05	  6.623082E-03	  9.940281E-05	  9.983251E+03	  1.013537E+04	  7.605856E+01	  2.024310E+08
  43	  6.672281E-03	  9.643076E-05	  6.720496E-03	  9.741475E-05	  1.018969E+04	  1.033957E+04	  7.493689E+01	  2.107778E+08
  44	  6.768712E-03	  9.450215E-05	  6.815963E-03	  9.546646E-05	  1.040027E+04	  1.054801E+04	  7.386930E+01	  2.194688E+08
  45	  6.863214E-03	  9.261211E-05	  6.909520E-03	  9.355713E-05	  1.061507E+04	  1.076077E+04	  7.285217E+01	  2.285181E+08
  46	  6.955826E-03	  9.075986E-05	  7.001206E-03	  9.168598E-05	  1.083418E+04	  1.097795E+04	  7.188219E+01	  2.379405E+08
  47	  7.046586E-03	  8.894467E-05	  7.091058E-03	  8.985226E-05	  1.105771E+04	  1.119962E+04	  7.095635E+01	  2.477515E+08
  48	  7.135530E-03	  8.716577E-05	  7.179113E-03	  8.805522E-05	  1.128573E+04	  1.142587E+04	  7.007188E+01	  2.579670E+08
  49	  7.222696E-03	  8.542246E-05	  7.265407E-03	  8.629412E-05	  1.151835E+04	  1.165680E+04	  6.922623E+01	  2.686037E+08
  50	  7.308119E-03	  8.371401E-05	  7.349976E-03	  8.456823E-05	  1.175566E+04	  1.189250E+04	  6.841706E+01	  2.796790E+08
  51	  7.391833E-03	  8.203973E-05	  7.432853E-03	  8.287687E-05	  1.199777E+04	  1.213305E+04	  6.764222E+01	  2.912109E+08
  52	  7.473872E-03	  8.039893E-05	  7.514072E-03	  8.121933E-05	  1.224476E+04	  1.237856E+04	  6.689972E+01	  3.032184E+08
  53	  7.554271E-03	  7.879095E-05	  7.593667E-03	  7.959494E-05	  1.249676E+04	  1.262913E+04	  6.618772E+01	  3.157209E+08
  54	  7.633062E-03	  7.721514E-05	  7.671670E-03	  7.800305E-05	  1.275385E+04	  1.288486E+04	  6.550451E+01	  3.287390E+08
  55	  7.710277E-03	  7.567083E-05	  7.748113E-03	  7.644298E-05	  1.301614E+04	  1.314584E+04	  6.484851E+01	  3.422938E+08
  56	  7.785948E-03	  7.415742E-05	  7.823027E-03	  7.491412E-05	  1.328375E+04	  1.341219E+04	  6.421825E+01	  3.564075E+08
  57	  7.860106E-03	  7.267427E-05	  7.896443E-03	  7.341584E-05	  1.355678E+04	  1.368401E+04	  6.361238E+01	  3.711032E+08
  58	  7.932780E-03	  7.122078E-05	  7.968390E-03	  7.194753E-05	  1.383535E+04	  1.396141E+04	  6.302961E+01	  3.864049E+08
  59	  8.004001E-03	  6.979637E-05	  8.038899E-03	  7.050857E-05	  1.411957E+04	  1.424451E+04	  6.246876E+01	  4.023374E+08
  60	  8.073797E-03	  6.840044E-05	  8.107997E-03	  6.909840E-05	  1.440956E+04	  1.453342E+04	  6.192873E+01	  4.189269E+08
  61	  8.142198E-03	  6.703243E-05	  8.175714E-03	  6.771644E-05	  1.470543E+04	  1.482825E+04	  6.140848E+01	  4.362005E+08
  62	  8.209230E-03	  6.569178E-05	  8.242076E-03	  6.636211E-05	  1.500732E+04	  1.512913E+04	  6.090705E+01	  4.541862E+08
  63	  8.274922E-03	  6.437795E-05	  8.307111E-03	  6.503486E-05	  1.531533E+04	  1.543618E+04	  6.042353E+01	  4.729136E+08
  64	  8.339300E-03	  6.309039E-05	  8.370845E-03	  6.373417E-05	  1.562961E+04	  1.574952E+04	  5.995707E+01	  4.924132E+08
  65	  8.402390E-03	  6.182858E-05	  8.433304E-03	  6.245948E-05	  1.595027E+04	  1.606928E+04	  5.950688E+01	  5.127168E+08
  66	  8.464219E-03	  6.059201E-05	  8.494515E-03	  6.121029E-05	  1.627745E+04	  1.639560E+04	  5.907220E+01	  5.338575E+08
  67	  8.524811E-03	  5.938017E-05	  8.554501E-03	  5.998609E-05	  1.661129E+04	  1.672859E+04	  5.865233E+01	  5.558700E+08
  68	  8.584191E-03	  5.819256E-05	  8.613287E-03	  5.878637E-05	  1.695191E+04	  1.706841E+04	  5.824661E+01	  5.787901E+08
  69	  8.642383E-03	  5.702871E-05	  8.670898E-03	  5.761064E-05	  1.729947E+04	  1.741517E+04	  5.785441E+01	  6.026552E+08
  70	  8.699412E-03	  5.588814E-05	  8.727356E-03	  5.645843E-05	  1.765409E+04	  1.776904E+04	  5.747515E+01	  6.275044E+08
  71	  8.755300E-03	  5.477038E-05	  8.782685E-03	  5.532926E-05	  1.801594E+04	  1.813015E+04	  5.710826E+01	  6.533782E+08
  72	  8.810071E-03	  5.367497E-05	  8.836908E-03	  5.422267E-05	  1.838514E+04	  1.849865E+04	  5.675323E+01	  6.803188E+08
  73	  8.863746E-03	  5.260147E-05	  8.890046E-03	  5.313822E-05	  1.876187E+04	  1.887469E+04	  5.640956E+01	  7.083703E+08
  74	  8.916347E-03	  5.154944E-05	  8.942122E-03	  5.207545E-05	  1.914626E+04	  1.925842E+04	  5.607678E+01	  7.375784E+08
  75	  8.967897E-03	  5.051845E-05	  8.993156E-03	  5.103395E-05	  1.953848E+04	  1.964999E+04	  5.575443E+01	  7.679908E+08
  76	  9.018415E-03	  4.950808E-05	  9.043169E-03	  5.001327E-05	  1.993869E+04	  2.004958E+04	  5.544212E+01	  7.996572E+08
  77	  9.067923E-03	  4.851792E-05	  9.092182E-03	  4.901300E-05	  2.034705E+04	  2.045733E+04	  5.513942E+01	  8.326293E+08
  78	  9.116441E-03	  4.754756E-05	  9.140215E-03	  4.803274E-05	  2.076373E+04	  2.087342E+04	  5.484596E+01	  8.669610E+08
  79	  9.163989E-03	  4.659661E-05	  9.187287E-03	  4.707209E-05	  2.118890E+04	  2.129802E+04	  5.456140E+01	  9.027082E+08
  80	  9.210585E-03	  4.566468E-05	  9.233417E-03	  4.613064E-05	  2.162273E+04	  2.173130E+04	  5.428537E+01	  9.399294E+08
  81	  9.256250E-03	  4.475139E-05	  9.278626E-03	  4.520803E-05	  2.206540E+04	  2.217343E+04	  5.401756E+01	  9.786854E+08
  82	  9.301001E-03	  4.385636E-05	  9.322929E-03	  4.430387E-05	  2.251709E+04	  2.262461E+04	  5.375765E+01	  1.019039E+09
  83	  9.344858E-03	  4.297923E-05	  9.366347E-03	  4.341779E-05	  2.297799E+04	  2.308500E+04	  5.350536E+01	  1.061057E+09
  84	  9.387837E-03	  4.211965E-05	  9.408897E-03	  4.254944E-05	  2.344827E+04	  2.355480E+04	  5.326041E+01	  1.104808E+09
  85	  9.429956E-03	  4.127725E-05	  9.450595E-03	  4.169845E-05	  2.392815E+04	  2.403419E+04	  5.302251E+01	  1.150362E+09
  86	  9.471234E-03	  4.045171E-05	  9.491460E-03	  4.086448E-05	  2.441781E+04	  2.452339E+04	  5.279143E+01	  1.197795E+09
  87	  9.511685E-03	  3.964267E-05	  9.531507E-03	  4.004719E-05	  2.491744E+04	  2.502258E+04	  5.256692E+01	  1.247183E+09
  88	  9.551328E-03	  3.884982E-05	  9.570753E-03	  3.924625E-05	  2.542727E+04	  2.553196E+04	  5.234874E+01	  1.298608E+09
  89	  9.590178E-03	  3.807282E-05	  9.609214E-03	  3.846132E-05	  2.594748E+04	  2.605176E+04	  5.213668E+01	  1.352153E+09
  90	  9.628251E-03	  3.731137E-05	  9.646906E-03	  3.769210E-05	  2.647831E+04	  2.658217E+04	  5.193051E+01	  1.407906E+09
  91	  9.665562E-03	  3.656514E-05	  9.683845E-03	  3.693825E-05	  2.701995E+04	  2.712341E+04	  5.173005E+01	  1.465958E+09
  92	  9.702127E-03	  3.583384E-05	  9.720044E-03	  3.619949E-05	  2.757264E+04	  2.767571E+04	  5.153509E+01	  1.526404E+09
  93	  9.737961E-03	  3.511716E-05	  9.755520E-03	  3.547550E-05	  2.813660E+04	  2.823930E+04	  5.134545E+01	  1.589342E+09
  94	  9.773078E-03	  3.441482E-05	  9.790286E-03	  3.476599E-05	  2.871207E+04	  2.881439E+04	  5.116095E+01	  1.654875E+09
  95	  9.807493E-03	  3.372652E-05	  9.824356E-03	  3.407067E-05	  2.929926E+04	  2.940123E+04	  5.098143E+01	  1.723110E+09
  96	  9.841220E-03	  3.305199E-05	  9.857746E-03	  3.338926E-05	  2.989843E+04	  3.000005E+04	  5.080671E+01	  1.794159E+09
  97	  9.874272E-03	  3.239095E-05	  9.890467E-03	  3.272147E-05	  3.050983E+04	  3.061110E+04	  5.063665E+01	  1.868137E+09
  98	  9.906662E-03	  3.174313E-05	  9.922534E-03	  3.206704E-05	  3.113369E+04	  3.123463E+04	  5.047108E+01	  1.945165E+09
  99	  9.938406E-03	  3.110827E-05	  9.953960E-03	  3.142570E-05	  3.177027E+04	  3.187089E+04	  5.030988E+01	  2.025370E+09
 100	  9.969514E-03	  3.048610E-05	  9.984757E-03	  3.079719E-05	  3.241984E+04	  3.252015E+04	  5.015290E+01	  2.108882E+09
 101	  1.000000E-02
