   0	  1.000000E-09
   1	  1.258925E-09
   2	  1.584893E-09
   3	  1.995262E-09
   4	  2.511886E-09
   5	  3.162278E-09
   6	  3.981072E-09
   7	  5.011872E-09
   8	  6.309573E-09
   9	  7.943282E-09
  10	  1.000000E-08
  11	  1.258925E-08
  12	  1.584893E-08
  13	  1.995262E-08
  14	  2.511886E-08
  15	  3.162278E-08
  16	  3.981072E-08
  17	  5.011872E-08
  18	  6.309573E-08
  19	  7.943282E-08
  20	  1.000000E-07
  21	  1.258925E-07
  22	  1.584893E-07
  23	  1.995262E-07
  24	  2.511886E-07
  25	  3.162278E-07
  26	  3.981072E-07
  27	  5.011872E-07
  28	  6.309573E-07
  29	  7.943282E-07
  30	  1.000000E-06
  31	  1.258925E-06
  32	  1.584893E-06
  33	  1.995262E-06
  34	  2.511886E-06
  35	  3.162278E-06
  36	  3.981072E-06
  37	  5.011872E-06
  38	  6.309573E-06
  39	  7.943282E-06
  40	  1.000000E-05
  41	  1.258925E-05
  42	  1.584893E-05
  43	  1.995262E-05
  44	  2.511886E-05
  45	  3.162278E-05
  46	  3.981072E-05
  47	  5.011872E-05
  48	  6.309573E-05
  49	  7.943282E-05
  50	  1.000000E-04
