 k	Main mesh (r_k):	grid steps h_k	Aux. grid (r_{k+1/2}	h_half_k	a_k	b_k	u_k	w_k
   0	  0.000000E+00	  2.298764E-04	  1.149382E-04
   1	  2.298764E-04	  2.252789E-04	  3.425158E-04	  2.275776E-04	  1.484395E+03	  4.423496E+03	  1.469551E+03	  2.609301E+07
   2	  4.551552E-04	  2.207733E-04	  5.655419E-04	  2.230261E-04	  2.726317E+03	  4.501533E+03	  8.876082E+02	  3.249181E+07
   3	  6.759285E-04	  2.163578E-04	  7.841074E-04	  2.185655E-04	  3.309175E+03	  4.588076E+03	  6.394502E+02	  3.619498E+07
   4	  8.922863E-04	  2.120307E-04	  9.983017E-04	  2.141942E-04	  3.674843E+03	  4.678698E+03	  5.019275E+02	  3.905117E+07
   5	  1.104317E-03	  2.077900E-04	  1.208212E-03	  2.099103E-04	  3.943120E+03	  4.772230E+03	  4.145549E+02	  4.156353E+07
   6	  1.312107E-03	  2.036342E-04	  1.413924E-03	  2.057121E-04	  4.159963E+03	  4.868245E+03	  3.541410E+02	  4.392684E+07
   7	  1.515741E-03	  1.995616E-04	  1.615522E-03	  2.015979E-04	  4.346798E+03	  4.966567E+03	  3.098842E+02	  4.623350E+07
   8	  1.715303E-03	  1.955703E-04	  1.813088E-03	  1.975659E-04	  4.514976E+03	  5.067123E+03	  2.760734E+02	  4.853394E+07
   9	  1.910873E-03	  1.916589E-04	  2.006703E-03	  1.936146E-04	  4.671076E+03	  5.169887E+03	  2.494056E+02	  5.085880E+07
  10	  2.102532E-03	  1.878257E-04	  2.196445E-03	  1.897423E-04	  4.819187E+03	  5.274862E+03	  2.278374E+02	  5.322841E+07
  11	  2.290358E-03	  1.840692E-04	  2.382392E-03	  1.859475E-04	  4.961989E+03	  5.382063E+03	  2.100370E+02	  5.565739E+07
  12	  2.474427E-03	  1.803878E-04	  2.564621E-03	  1.822285E-04	  5.101318E+03	  5.491517E+03	  1.950992E+02	  5.815696E+07
  13	  2.654815E-03	  1.767801E-04	  2.743205E-03	  1.785840E-04	  5.238480E+03	  5.603255E+03	  1.823873E+02	  6.073628E+07
  14	  2.831595E-03	  1.732445E-04	  2.918217E-03	  1.750123E-04	  5.374433E+03	  5.717313E+03	  1.714403E+02	  6.340322E+07
  15	  3.004839E-03	  1.697796E-04	  3.089729E-03	  1.715120E-04	  5.509900E+03	  5.833733E+03	  1.619164E+02	  6.616481E+07
  16	  3.174619E-03	  1.663840E-04	  3.257811E-03	  1.680818E-04	  5.645442E+03	  5.952555E+03	  1.535565E+02	  6.902760E+07
  17	  3.341003E-03	  1.630563E-04	  3.422531E-03	  1.647202E-04	  5.781503E+03	  6.073825E+03	  1.461611E+02	  7.199781E+07
  18	  3.504059E-03	  1.597952E-04	  3.583957E-03	  1.614258E-04	  5.918443E+03	  6.197590E+03	  1.395735E+02	  7.508150E+07
  19	  3.663855E-03	  1.565993E-04	  3.742154E-03	  1.581972E-04	  6.056557E+03	  6.323896E+03	  1.336694E+02	  7.828466E+07
  20	  3.820454E-03	  1.534673E-04	  3.897187E-03	  1.550333E-04	  6.196097E+03	  6.452794E+03	  1.283487E+02	  8.161327E+07
  21	  3.973921E-03	  1.503980E-04	  4.049120E-03	  1.519326E-04	  6.337275E+03	  6.584335E+03	  1.235300E+02	  8.507339E+07
  22	  4.124319E-03	  1.473900E-04	  4.198014E-03	  1.488940E-04	  6.480279E+03	  6.718571E+03	  1.191462E+02	  8.867118E+07
  23	  4.271709E-03	  1.444422E-04	  4.343930E-03	  1.459161E-04	  6.625273E+03	  6.855556E+03	  1.151418E+02	  9.241291E+07
  24	  4.416151E-03	  1.415534E-04	  4.486928E-03	  1.429978E-04	  6.772404E+03	  6.995345E+03	  1.114703E+02	  9.630504E+07
  25	  4.557705E-03	  1.387223E-04	  4.627066E-03	  1.401378E-04	  6.921809E+03	  7.137994E+03	  1.080926E+02	  1.003542E+08
  26	  4.696427E-03	  1.359478E-04	  4.764401E-03	  1.373351E-04	  7.073611E+03	  7.283561E+03	  1.049752E+02	  1.045673E+08
  27	  4.832375E-03	  1.332289E-04	  4.898989E-03	  1.345884E-04	  7.227925E+03	  7.432105E+03	  1.020899E+02	  1.089514E+08
  28	  4.965604E-03	  1.305643E-04	  5.030886E-03	  1.318966E-04	  7.384861E+03	  7.583685E+03	  9.941214E+01	  1.135138E+08
  29	  5.096168E-03	  1.279530E-04	  5.160144E-03	  1.292587E-04	  7.544522E+03	  7.738364E+03	  9.692079E+01	  1.182621E+08
  30	  5.224121E-03	  1.253940E-04	  5.286818E-03	  1.266735E-04	  7.707008E+03	  7.896203E+03	  9.459751E+01	  1.232043E+08
  31	  5.349515E-03	  1.228861E-04	  5.410958E-03	  1.241400E-04	  7.872416E+03	  8.057268E+03	  9.242628E+01	  1.283484E+08
  32	  5.472401E-03	  1.204284E-04	  5.532615E-03	  1.216572E-04	  8.040838E+03	  8.221624E+03	  9.039305E+01	  1.337031E+08
  33	  5.592829E-03	  1.180198E-04	  5.651839E-03	  1.192241E-04	  8.212366E+03	  8.389337E+03	  8.848544E+01	  1.392771E+08
  34	  5.710849E-03	  1.156594E-04	  5.768679E-03	  1.168396E-04	  8.387091E+03	  8.560476E+03	  8.669252E+01	  1.450797E+08
  35	  5.826509E-03	  1.133462E-04	  5.883182E-03	  1.145028E-04	  8.565102E+03	  8.735111E+03	  8.500457E+01	  1.511203E+08
  36	  5.939855E-03	  1.110793E-04	  5.995394E-03	  1.122127E-04	  8.746486E+03	  8.913312E+03	  8.341296E+01	  1.574089E+08
  37	  6.050934E-03	  1.088577E-04	  6.105363E-03	  1.099685E-04	  8.931332E+03	  9.095152E+03	  8.190997E+01	  1.639559E+08
  38	  6.159792E-03	  1.066805E-04	  6.213132E-03	  1.077691E-04	  9.119728E+03	  9.280705E+03	  8.048867E+01	  1.707719E+08
  39	  6.266472E-03	  1.045469E-04	  6.318746E-03	  1.056137E-04	  9.311762E+03	  9.470048E+03	  7.914286E+01	  1.778682E+08
  40	  6.371019E-03	  1.024560E-04	  6.422247E-03	  1.035015E-04	  9.507522E+03	  9.663256E+03	  7.786692E+01	  1.852564E+08
  41	  6.473475E-03	  1.004069E-04	  6.523679E-03	  1.014314E-04	  9.707098E+03	  9.860410E+03	  7.665579E+01	  1.929486E+08
  42	  6.573882E-03	  9.839874E-05	  6.623082E-03	  9.940281E-05	  9.910578E+03	  1.006159E+04	  7.550489E+01	  2.009574E+08
  43	  6.672281E-03	  9.643076E-05	  6.720496E-03	  9.741475E-05	  1.011805E+04	  1.026687E+04	  7.441005E+01	  2.092959E+08
  44	  6.768712E-03	  9.450215E-05	  6.815963E-03	  9.546646E-05	  1.032962E+04	  1.047635E+04	  7.336748E+01	  2.179778E+08
  45	  6.863214E-03	  9.261211E-05	  6.909520E-03	  9.355713E-05	  1.054536E+04	  1.069010E+04	  7.237373E+01	  2.270173E+08
  46	  6.955826E-03	  9.075986E-05	  7.001206E-03	  9.168598E-05	  1.076537E+04	  1.090822E+04	  7.142562E+01	  2.364292E+08
  47	  7.046586E-03	  8.894467E-05	  7.091058E-03	  8.985226E-05	  1.098975E+04	  1.113079E+04	  7.052027E+01	  2.462289E+08
  48	  7.135530E-03	  8.716577E-05	  7.179113E-03	  8.805522E-05	  1.121859E+04	  1.135790E+04	  6.965503E+01	  2.564324E+08
  49	  7.222696E-03	  8.542246E-05	  7.265407E-03	  8.629412E-05	  1.145200E+04	  1.158965E+04	  6.882744E+01	  2.670564E+08
  50	  7.308119E-03	  8.371401E-05	  7.349976E-03	  8.456823E-05	  1.169006E+04	  1.182613E+04	  6.803526E+01	  2.781182E+08
  51	  7.391833E-03	  8.203973E-05	  7.432853E-03	  8.287687E-05	  1.193289E+04	  1.206744E+04	  6.727643E+01	  2.896361E+08
  52	  7.473872E-03	  8.039893E-05	  7.514072E-03	  8.121933E-05	  1.218057E+04	  1.231367E+04	  6.654901E+01	  3.016288E+08
  53	  7.554271E-03	  7.879095E-05	  7.593667E-03	  7.959494E-05	  1.243323E+04	  1.256493E+04	  6.585125E+01	  3.141159E+08
  54	  7.633062E-03	  7.721514E-05	  7.671670E-03	  7.800305E-05	  1.269095E+04	  1.282132E+04	  6.518149E+01	  3.271179E+08
  55	  7.710277E-03	  7.567083E-05	  7.748113E-03	  7.644298E-05	  1.295386E+04	  1.308294E+04	  6.453821E+01	  3.406559E+08
  56	  7.785948E-03	  7.415742E-05	  7.823027E-03	  7.491412E-05	  1.322206E+04	  1.334990E+04	  6.392000E+01	  3.547523E+08
  57	  7.860106E-03	  7.267427E-05	  7.896443E-03	  7.341584E-05	  1.349565E+04	  1.362230E+04	  6.332554E+01	  3.694299E+08
  58	  7.932780E-03	  7.122078E-05	  7.968390E-03	  7.194753E-05	  1.377477E+04	  1.390027E+04	  6.275360E+01	  3.847128E+08
  59	  8.004001E-03	  6.979637E-05	  8.038899E-03	  7.050857E-05	  1.405951E+04	  1.418392E+04	  6.220303E+01	  4.006260E+08
  60	  8.073797E-03	  6.840044E-05	  8.107997E-03	  6.909840E-05	  1.435000E+04	  1.447335E+04	  6.167277E+01	  4.171954E+08
  61	  8.142198E-03	  6.703243E-05	  8.175714E-03	  6.771644E-05	  1.464636E+04	  1.476869E+04	  6.116181E+01	  4.344483E+08
  62	  8.209230E-03	  6.569178E-05	  8.242076E-03	  6.636211E-05	  1.494872E+04	  1.507005E+04	  6.066921E+01	  4.524127E+08
  63	  8.274922E-03	  6.437795E-05	  8.307111E-03	  6.503486E-05	  1.525718E+04	  1.537757E+04	  6.019411E+01	  4.711180E+08
  64	  8.339300E-03	  6.309039E-05	  8.370845E-03	  6.373417E-05	  1.557189E+04	  1.569137E+04	  5.973568E+01	  4.905949E+08
  65	  8.402390E-03	  6.182858E-05	  8.433304E-03	  6.245948E-05	  1.589298E+04	  1.601156E+04	  5.929313E+01	  5.108751E+08
  66	  8.464219E-03	  6.059201E-05	  8.494515E-03	  6.121029E-05	  1.622057E+04	  1.633830E+04	  5.886576E+01	  5.319918E+08
  67	  8.524811E-03	  5.938017E-05	  8.554501E-03	  5.998609E-05	  1.655480E+04	  1.667170E+04	  5.845286E+01	  5.539796E+08
  68	  8.584191E-03	  5.819256E-05	  8.613287E-03	  5.878637E-05	  1.689580E+04	  1.701191E+04	  5.805381E+01	  5.768743E+08
  69	  8.642383E-03	  5.702871E-05	  8.670898E-03	  5.761064E-05	  1.724372E+04	  1.735906E+04	  5.766799E+01	  6.007133E+08
  70	  8.699412E-03	  5.588814E-05	  8.727356E-03	  5.645843E-05	  1.759870E+04	  1.771329E+04	  5.729483E+01	  6.255357E+08
  71	  8.755300E-03	  5.477038E-05	  8.782685E-03	  5.532926E-05	  1.796089E+04	  1.807476E+04	  5.693378E+01	  6.513819E+08
  72	  8.810071E-03	  5.367497E-05	  8.836908E-03	  5.422267E-05	  1.833043E+04	  1.844360E+04	  5.658435E+01	  6.782943E+08
  73	  8.863746E-03	  5.260147E-05	  8.890046E-03	  5.313822E-05	  1.870748E+04	  1.881997E+04	  5.624604E+01	  7.063168E+08
  74	  8.916347E-03	  5.154944E-05	  8.942122E-03	  5.207545E-05	  1.909219E+04	  1.920402E+04	  5.591840E+01	  7.354952E+08
  75	  8.967897E-03	  5.051845E-05	  8.993156E-03	  5.103395E-05	  1.948471E+04	  1.959591E+04	  5.560099E+01	  7.658772E+08
  76	  9.018415E-03	  4.950808E-05	  9.043169E-03	  5.001327E-05	  1.988521E+04	  1.999580E+04	  5.529341E+01	  7.975124E+08
  77	  9.067923E-03	  4.851792E-05	  9.092182E-03	  4.901300E-05	  2.029386E+04	  2.040385E+04	  5.499526E+01	  8.304526E+08
  78	  9.116441E-03	  4.754756E-05	  9.140215E-03	  4.803274E-05	  2.071081E+04	  2.082023E+04	  5.470618E+01	  8.647515E+08
  79	  9.163989E-03	  4.659661E-05	  9.187287E-03	  4.707209E-05	  2.113625E+04	  2.124510E+04	  5.442582E+01	  9.004652E+08
  80	  9.210585E-03	  4.566468E-05	  9.233417E-03	  4.613064E-05	  2.157034E+04	  2.167865E+04	  5.415384E+01	  9.376520E+08
  81	  9.256250E-03	  4.475139E-05	  9.278626E-03	  4.520803E-05	  2.201326E+04	  2.212104E+04	  5.388992E+01	  9.763728E+08
  82	  9.301001E-03	  4.385636E-05	  9.322929E-03	  4.430387E-05	  2.246520E+04	  2.257246E+04	  5.363376E+01	  1.016691E+09
  83	  9.344858E-03	  4.297923E-05	  9.366347E-03	  4.341779E-05	  2.292633E+04	  2.303310E+04	  5.338508E+01	  1.058672E+09
  84	  9.387837E-03	  4.211965E-05	  9.408897E-03	  4.254944E-05	  2.339685E+04	  2.350314E+04	  5.314360E+01	  1.102385E+09
  85	  9.429956E-03	  4.127725E-05	  9.450595E-03	  4.169845E-05	  2.387695E+04	  2.398277E+04	  5.290906E+01	  1.147900E+09
  86	  9.471234E-03	  4.045171E-05	  9.491460E-03	  4.086448E-05	  2.436682E+04	  2.447218E+04	  5.268121E+01	  1.195294E+09
  87	  9.511685E-03	  3.964267E-05	  9.531507E-03	  4.004719E-05	  2.486667E+04	  2.497159E+04	  5.245981E+01	  1.244642E+09
  88	  9.551328E-03	  3.884982E-05	  9.570753E-03	  3.924625E-05	  2.537670E+04	  2.548119E+04	  5.224464E+01	  1.296025E+09
  89	  9.590178E-03	  3.807282E-05	  9.609214E-03	  3.846132E-05	  2.589712E+04	  2.600119E+04	  5.203547E+01	  1.349528E+09
  90	  9.628251E-03	  3.731137E-05	  9.646906E-03	  3.769210E-05	  2.642813E+04	  2.653180E+04	  5.183211E+01	  1.405238E+09
  91	  9.665562E-03	  3.656514E-05	  9.683845E-03	  3.693825E-05	  2.696997E+04	  2.707324E+04	  5.163436E+01	  1.463246E+09
  92	  9.702127E-03	  3.583384E-05	  9.720044E-03	  3.619949E-05	  2.752284E+04	  2.762573E+04	  5.144201E+01	  1.523647E+09
  93	  9.737961E-03	  3.511716E-05	  9.755520E-03	  3.547550E-05	  2.808698E+04	  2.818949E+04	  5.125490E+01	  1.586539E+09
  94	  9.773078E-03	  3.441482E-05	  9.790286E-03	  3.476599E-05	  2.866262E+04	  2.876477E+04	  5.107285E+01	  1.652025E+09
  95	  9.807493E-03	  3.372652E-05	  9.824356E-03	  3.407067E-05	  2.924999E+04	  2.935178E+04	  5.089568E+01	  1.720212E+09
  96	  9.841220E-03	  3.305199E-05	  9.857746E-03	  3.338926E-05	  2.984932E+04	  2.995077E+04	  5.072325E+01	  1.791211E+09
  97	  9.874272E-03	  3.239095E-05	  9.890467E-03	  3.272147E-05	  3.046087E+04	  3.056198E+04	  5.055540E+01	  1.865139E+09
  98	  9.906662E-03	  3.174313E-05	  9.922534E-03	  3.206704E-05	  3.108489E+04	  3.118567E+04	  5.039198E+01	  1.942117E+09
  99	  9.938406E-03	  3.110827E-05	  9.953960E-03	  3.142570E-05	  3.172163E+04	  3.182209E+04	  5.023285E+01	  2.022269E+09
 100	  9.969514E-03	  3.048610E-05	  9.984757E-03	  3.079719E-05	  6.494100E+04	  6.514192E+04	  1.004625E+02	  4.224354E+09
 101	  1.000000E-02
