  6.076852E+18	  2.223501E+02	  6.076852E+04	  1.229148E+00
  2.298764E-04	  6.072884E+18	  6.072884E+18	  5.111303E-02	  9.993470E-01
  4.551552E-04	  6.061302E+18	  6.061302E+18	  1.012038E-01	  9.974411E-01
  6.759285E-04	  6.042585E+18	  6.042585E+18	  1.502928E-01	  9.943610E-01
  8.922863E-04	  6.017199E+18	  6.017199E+18	  1.983999E-01	  9.901836E-01
  1.104317E-03	  5.985600E+18	  5.985600E+18	  2.455450E-01	  9.849836E-01
  1.312107E-03	  5.948229E+18	  5.948229E+18	  2.917471E-01	  9.788338E-01
  1.515741E-03	  5.905512E+18	  5.905512E+18	  3.370252E-01	  9.718045E-01
  1.715303E-03	  5.857862E+18	  5.857862E+18	  3.813977E-01	  9.639632E-01
  1.910873E-03	  5.805675E+18	  5.805675E+18	  4.248828E-01	  9.553753E-01
  2.102532E-03	  5.749329E+18	  5.749329E+18	  4.674982E-01	  9.461032E-01
  2.290358E-03	  5.689190E+18	  5.689190E+18	  5.092612E-01	  9.362067E-01
  2.474427E-03	  5.625602E+18	  5.625602E+18	  5.501890E-01	  9.257428E-01
  2.654815E-03	  5.558897E+18	  5.558897E+18	  5.902983E-01	  9.147659E-01
  2.831595E-03	  5.489389E+18	  5.489389E+18	  6.296054E-01	  9.033276E-01
  3.004839E-03	  5.417374E+18	  5.417374E+18	  6.681263E-01	  8.914770E-01
  3.174619E-03	  5.343135E+18	  5.343135E+18	  7.058768E-01	  8.792604E-01
  3.341003E-03	  5.266938E+18	  5.266938E+18	  7.428723E-01	  8.667214E-01
  3.504059E-03	  5.189034E+18	  5.189034E+18	  7.791279E-01	  8.539015E-01
  3.663855E-03	  5.109657E+18	  5.109657E+18	  8.146583E-01	  8.408395E-01
  3.820454E-03	  5.029031E+18	  5.029031E+18	  8.494782E-01	  8.275718E-01
  3.973921E-03	  4.947363E+18	  4.947363E+18	  8.836017E-01	  8.141325E-01
  4.124319E-03	  4.864847E+18	  4.864847E+18	  9.170427E-01	  8.005538E-01
  4.271709E-03	  4.781665E+18	  4.781665E+18	  9.498148E-01	  7.868655E-01
  4.416151E-03	  4.697986E+18	  4.697986E+18	  9.819316E-01	  7.730953E-01
  4.557705E-03	  4.613967E+18	  4.613967E+18	  1.013406E+00	  7.592693E-01
  4.696427E-03	  4.529755E+18	  4.529755E+18	  1.044251E+00	  7.454114E-01
  4.832375E-03	  4.445485E+18	  4.445485E+18	  1.074479E+00	  7.315441E-01
  4.965604E-03	  4.361282E+18	  4.361282E+18	  1.104102E+00	  7.176878E-01
  5.096168E-03	  4.277263E+18	  4.277263E+18	  1.133133E+00	  7.038615E-01
  5.224121E-03	  4.193532E+18	  4.193532E+18	  1.161584E+00	  6.900829E-01
  5.349515E-03	  4.110188E+18	  4.110188E+18	  1.189465E+00	  6.763679E-01
  5.472401E-03	  4.027320E+18	  4.027320E+18	  1.216789E+00	  6.627313E-01
  5.592829E-03	  3.945010E+18	  3.945010E+18	  1.243566E+00	  6.491865E-01
  5.710849E-03	  3.863333E+18	  3.863333E+18	  1.269808E+00	  6.357457E-01
  5.826509E-03	  3.782355E+18	  3.782355E+18	  1.295525E+00	  6.224200E-01
  5.939855E-03	  3.702137E+18	  3.702137E+18	  1.320727E+00	  6.092195E-01
  6.050934E-03	  3.622735E+18	  3.622735E+18	  1.345426E+00	  5.961532E-01
  6.159792E-03	  3.544198E+18	  3.544198E+18	  1.369630E+00	  5.832292E-01
  6.266472E-03	  3.466569E+18	  3.466569E+18	  1.393351E+00	  5.704547E-01
  6.371019E-03	  3.389888E+18	  3.389888E+18	  1.416597E+00	  5.578362E-01
  6.473475E-03	  3.314188E+18	  3.314188E+18	  1.439378E+00	  5.453791E-01
  6.573882E-03	  3.239500E+18	  3.239500E+18	  1.461703E+00	  5.330885E-01
  6.672281E-03	  3.165849E+18	  3.165849E+18	  1.483582E+00	  5.209686E-01
  6.768712E-03	  3.093258E+18	  3.093258E+18	  1.505024E+00	  5.090231E-01
  6.863214E-03	  3.021745E+18	  3.021745E+18	  1.526036E+00	  4.972550E-01
  6.955826E-03	  2.951325E+18	  2.951325E+18	  1.546628E+00	  4.856667E-01
  7.046586E-03	  2.882011E+18	  2.882011E+18	  1.566809E+00	  4.742605E-01
  7.135530E-03	  2.813812E+18	  2.813812E+18	  1.586586E+00	  4.630378E-01
  7.222696E-03	  2.746736E+18	  2.746736E+18	  1.605967E+00	  4.519998E-01
  7.308119E-03	  2.680787E+18	  2.680787E+18	  1.624961E+00	  4.411473E-01
  7.391833E-03	  2.615967E+18	  2.615967E+18	  1.643575E+00	  4.304807E-01
  7.473872E-03	  2.552278E+18	  2.552278E+18	  1.661816E+00	  4.200000E-01
  7.554271E-03	  2.489717E+18	  2.489717E+18	  1.679693E+00	  4.097051E-01
  7.633062E-03	  2.428283E+18	  2.428283E+18	  1.697212E+00	  3.995954E-01
  7.710277E-03	  2.367969E+18	  2.367969E+18	  1.714381E+00	  3.896703E-01
  7.785948E-03	  2.308771E+18	  2.308771E+18	  1.731206E+00	  3.799288E-01
  7.860106E-03	  2.250682E+18	  2.250682E+18	  1.747695E+00	  3.703696E-01
  7.932780E-03	  2.193692E+18	  2.193692E+18	  1.763854E+00	  3.609915E-01
  8.004001E-03	  2.137793E+18	  2.137793E+18	  1.779690E+00	  3.517929E-01
  8.073797E-03	  2.082975E+18	  2.082975E+18	  1.795209E+00	  3.427720E-01
  8.142198E-03	  2.029226E+18	  2.029226E+18	  1.810418E+00	  3.339272E-01
  8.209230E-03	  1.976535E+18	  1.976535E+18	  1.825323E+00	  3.252564E-01
  8.274922E-03	  1.924889E+18	  1.924889E+18	  1.839929E+00	  3.167576E-01
  8.339300E-03	  1.874276E+18	  1.874276E+18	  1.854244E+00	  3.084287E-01
  8.402390E-03	  1.824681E+18	  1.824681E+18	  1.868272E+00	  3.002674E-01
  8.464219E-03	  1.776090E+18	  1.776090E+18	  1.882020E+00	  2.922714E-01
  8.524811E-03	  1.728491E+18	  1.728491E+18	  1.895492E+00	  2.844385E-01
  8.584191E-03	  1.681866E+18	  1.681866E+18	  1.908695E+00	  2.767661E-01
  8.642383E-03	  1.636203E+18	  1.636203E+18	  1.921635E+00	  2.692518E-01
  8.699412E-03	  1.591486E+18	  1.591486E+18	  1.934315E+00	  2.618931E-01
  8.755300E-03	  1.547698E+18	  1.547698E+18	  1.946742E+00	  2.546875E-01
  8.810071E-03	  1.504826E+18	  1.504826E+18	  1.958920E+00	  2.476325E-01
  8.863746E-03	  1.462853E+18	  1.462853E+18	  1.970855E+00	  2.407254E-01
  8.916347E-03	  1.421764E+18	  1.421764E+18	  1.982550E+00	  2.339638E-01
  8.967897E-03	  1.381542E+18	  1.381542E+18	  1.994012E+00	  2.273451E-01
  9.018415E-03	  1.342174E+18	  1.342174E+18	  2.005245E+00	  2.208666E-01
  9.067923E-03	  1.303642E+18	  1.303642E+18	  2.016253E+00	  2.145259E-01
  9.116441E-03	  1.265931E+18	  1.265931E+18	  2.027041E+00	  2.083203E-01
  9.163989E-03	  1.229027E+18	  1.229027E+18	  2.037614E+00	  2.022473E-01
  9.210585E-03	  1.192912E+18	  1.192912E+18	  2.047974E+00	  1.963043E-01
  9.256250E-03	  1.157573E+18	  1.157573E+18	  2.058128E+00	  1.904890E-01
  9.301001E-03	  1.122994E+18	  1.122994E+18	  2.068078E+00	  1.847987E-01
  9.344858E-03	  1.089160E+18	  1.089160E+18	  2.077830E+00	  1.792310E-01
  9.387837E-03	  1.056056E+18	  1.056056E+18	  2.087386E+00	  1.737834E-01
  9.429956E-03	  1.023668E+18	  1.023668E+18	  2.096752E+00	  1.684536E-01
  9.471234E-03	  9.919800E+17	  9.919800E+17	  2.105930E+00	  1.632391E-01
  9.511685E-03	  9.609788E+17	  9.609788E+17	  2.114924E+00	  1.581376E-01
  9.551328E-03	  9.306501E+17	  9.306501E+17	  2.123739E+00	  1.531467E-01
  9.590178E-03	  9.009798E+17	  9.009798E+17	  2.132377E+00	  1.482642E-01
  9.628251E-03	  8.719541E+17	  8.719541E+17	  2.140842E+00	  1.434878E-01
  9.665562E-03	  8.435596E+17	  8.435596E+17	  2.149138E+00	  1.388152E-01
  9.702127E-03	  8.157829E+17	  8.157829E+17	  2.157269E+00	  1.342443E-01
  9.737961E-03	  7.886109E+17	  7.886109E+17	  2.165236E+00	  1.297729E-01
  9.773078E-03	  7.620306E+17	  7.620306E+17	  2.173045E+00	  1.253989E-01
  9.807493E-03	  7.360295E+17	  7.360295E+17	  2.180697E+00	  1.211202E-01
  9.841220E-03	  7.105950E+17	  7.105950E+17	  2.188196E+00	  1.169347E-01
  9.874272E-03	  6.857149E+17	  6.857149E+17	  2.195545E+00	  1.128405E-01
  9.906662E-03	  6.613771E+17	  6.613771E+17	  2.202747E+00	  1.088355E-01
  9.938406E-03	  6.375700E+17	  6.375700E+17	  2.209805E+00	  1.049178E-01
  9.969514E-03	  6.142819E+17	  6.142819E+17	  2.216722E+00	  1.010855E-01
  1.000000E-02	  5.915015E+17	  5.915015E+17	  2.223501E+00	  9.733683E-02
